StockName,Date,Open,High,Low,Close,Adj Close,Volume
HDFC,03/11/14,457.600006,459.649994,452.700012,455.350006,422.703796,3619824
HDFC,05/11/14,457.524994,460.149994,455.125,456.399994,423.678497,3762090
HDFC,07/11/14,452.5,453.299988,446.825012,449.725006,417.482056,4514246
HDFC,10/11/14,449.75,454.174988,446.5,452.325012,419.89563,3194878
HDFC,11/11/14,452.950012,458.649994,451.200012,453.950012,421.404144,2956704
HDFC,12/11/14,455.5,459.950012,452.075012,455.875,423.191132,4529332
HDFC,13/11/14,457.75,460,451.950012,457.975006,425.140594,3694476
HDFC,14/11/14,459.100006,466.5,455.875,465.049988,431.708344,4219028
HDFC,17/11/14,465,467,454,459.475006,426.533051,6732042
HDFC,18/11/14,460.5,467.5,456,466.100006,432.683044,4594556
HDFC,19/11/14,467.524994,468.850006,461.075012,463.274994,430.060577,1727424
HDFC,20/11/14,463.975006,463.975006,456.049988,459.100006,426.184906,2385186
HDFC,21/11/14,460.600006,467.5,457.024994,466.424988,432.984741,4411904
HDFC,24/11/14,466.174988,475,464.049988,472.600006,438.717072,3658430
HDFC,25/11/14,471.5,479.399994,469.5,476.774994,442.592682,6078254
HDFC,26/11/14,469.899994,479.950012,466.649994,475.649994,441.54834,4488214
HDFC,27/11/14,475.299988,476.899994,471.5,474.075012,440.086304,6605724
HDFC,28/11/14,474,482.950012,473.5,478.575012,444.263641,4625930
HDFC,01/12/14,479.149994,481.225006,474.100006,475,440.944946,3694564
HDFC,02/12/14,470.875,474.799988,469.600006,471.649994,437.835144,2258778
HDFC,03/12/14,471,472.024994,466,466.549988,433.100769,3330592
HDFC,04/12/14,470,472.125,466,470.700012,436.953278,3419552
HDFC,05/12/14,470.5,472.200012,467.850006,471.375,437.579834,2037090
HDFC,08/12/14,472.5,472.5,462.5,463.575012,430.339081,2028564
HDFC,09/12/14,462.524994,467.5,462.524994,463.375,430.153412,2436672
HDFC,10/12/14,463.049988,467.5,462.649994,465.700012,432.311707,2782716
HDFC,11/12/14,464.950012,467.875,462.5,466.799988,433.332855,2409422
HDFC,12/12/14,466.5,468.100006,464.5,465.75,432.358154,2308414
HDFC,15/12/14,465,472.149994,464,470.75,436.999664,3319314
HDFC,16/12/14,468.774994,471,458.5,462.875,429.68927,2494978
HDFC,17/12/14,463,466.25,458,460.924988,427.879059,3532008
HDFC,18/12/14,466.299988,468.25,461.024994,467.024994,433.541748,3246914
HDFC,19/12/14,472.524994,474.5,466.25,470.725006,436.97644,3057054
HDFC,22/12/14,477,483.049988,471.25,481.850006,447.303894,4147806
HDFC,23/12/14,479.850006,486.975006,477.674988,479.875,445.470459,3772040
HDFC,24/12/14,478.950012,482.399994,470.549988,472.625,438.740265,8332406
HDFC,26/12/14,475.200012,476.475006,471.274994,474.325012,440.31839,1683240
HDFC,29/12/14,475.049988,478,474.149994,475.850006,441.734039,1807400
HDFC,30/12/14,475,479.799988,471.375,478.225006,443.938751,2840600
HDFC,31/12/14,478,478.649994,474.875,475.799988,441.687622,2496264
HDFC,01/01/15,475.5,477.200012,472.524994,476.024994,441.896484,1772470
HDFC,02/01/15,475.200012,484.649994,475.200012,482.649994,448.046478,2950192
HDFC,05/01/15,485,485.274994,477.549988,478.575012,444.263641,2398000
HDFC,06/01/15,477,478.274994,468.774994,471.125,437.347809,4109840
HDFC,07/01/15,469.850006,475.674988,468.125,472.5,438.624237,2873056
HDFC,08/01/15,477.125,484.475006,474.100006,482.424988,447.837646,4762912
HDFC,09/01/15,486.450012,490,483.299988,487.825012,452.850494,4492592
HDFC,12/01/15,484.700012,487.200012,482.25,483.524994,448.858734,2063206
HDFC,13/01/15,484.475006,485.975006,477.850006,481.674988,447.141418,2914174
HDFC,14/01/15,480.024994,487.325012,479.850006,481.950012,447.396698,1842616
HDFC,15/01/15,495,499.100006,485.375,496.575012,460.973175,5699238
HDFC,16/01/15,501.100006,507.450012,499.274994,500.674988,464.779175,3910654
HDFC,19/01/15,506.625,510,501.475006,502.274994,466.264496,2119746
HDFC,20/01/15,505,513.5,501,510.475006,473.876587,4252902
HDFC,21/01/15,513.700012,516.474976,509.174988,509.975006,473.412445,3370306
HDFC,22/01/15,512.5,516.25,509.274994,510.625,474.015839,3235340
HDFC,23/01/15,515,524,512.200012,521.400024,484.018372,4993956
HDFC,27/01/15,521.5,538.875,520.450012,537.025024,498.523132,4981200
HDFC,28/01/15,535,546.599976,527.5,529.174988,491.235931,5682470
HDFC,29/01/15,537.5,550.299988,530.5,547.5,508.247101,10283808
HDFC,30/01/15,547.275024,547.275024,532.125,538.674988,500.054779,5285208
HDFC,02/02/15,534.25,546.5,526.174988,540.799988,502.027435,2855176
HDFC,03/02/15,539.25,541.099976,527.650024,532.049988,493.904785,5100344
HDFC,04/02/15,531.5,540.400024,528.625,533.849976,495.575653,3098756
HDFC,05/02/15,537.5,546.400024,535.174988,538.25,499.660248,4029574
HDFC,06/02/15,538.5,539.474976,525.025024,526.75,488.984741,3451560
HDFC,09/02/15,523.5,525.875,517.25,520.049988,482.765106,2615948
HDFC,10/02/15,515,531.150024,515,527.224976,489.425659,4637876
HDFC,11/02/15,529,532.400024,526.5,529.200012,491.259125,2080794
HDFC,12/02/15,532.549988,540.950012,526.349976,538,499.428101,2762870
HDFC,13/02/15,540.599976,541,531.799988,532.900024,494.693848,3857250
HDFC,16/02/15,537.900024,542.5,531.25,533.775024,495.506134,3694358
HDFC,18/02/15,533.775024,541.474976,528.525024,537.400024,498.871216,2690846
HDFC,19/02/15,537,542.450012,531.900024,539.900024,501.192017,2253502
HDFC,20/02/15,541.5,544.950012,534.25,536.525024,498.058929,3103012
HDFC,23/02/15,538.549988,540.775024,531,533.75,495.48291,2790782
HDFC,24/02/15,535.150024,535.5,528.549988,533.825012,495.552551,2923144
HDFC,25/02/15,535,537.400024,525,526.224976,488.497375,2324262
HDFC,26/02/15,526.825012,528,517.549988,519.075012,481.860016,6213472
HDFC,27/02/15,522.724976,529.275024,522.724976,527,489.216827,5130892
HDFC,28/02/15,null,null,null,null,null,null
HDFC,02/03/15,540.174988,549.5,534,541.275024,502.468384,7192616
HDFC,03/03/15,543.224976,546,538.525024,541.674988,502.839752,3014674
HDFC,04/03/15,552.5,554.650024,530,532.650024,494.461731,6138812
HDFC,05/03/15,532.5,545,531.25,542.549988,503.652008,4851226
HDFC,09/03/15,538.525024,540.900024,528,529.5,491.537598,2877904
HDFC,10/03/15,531,531.125,522.5,526.275024,488.543823,2567418
HDFC,11/03/15,525.450012,530.950012,525,528.224976,490.353973,2732768
HDFC,12/03/15,530.049988,531.950012,525.549988,527.299988,489.495331,3765418
HDFC,13/03/15,530,532,517.299988,521.325012,483.9487,2713390
HDFC,16/03/15,522.5,528.950012,521.25,525.775024,488.079712,2674386
HDFC,17/03/15,530,532.950012,521.424988,529.025024,491.096649,2684652
HDFC,18/03/15,530.075012,535.950012,526.599976,531.775024,493.649536,2574166
HDFC,19/03/15,535.5,536.900024,524.349976,526.099976,488.381317,2686786
HDFC,20/03/15,525.5,529.75,522.974976,527.950012,490.098724,3241618
HDFC,23/03/15,527.974976,529.700012,523,523.875,486.315887,2723370
HDFC,24/03/15,521.650024,528.5,517.724976,518.974976,481.767151,4486782
HDFC,25/03/15,520.025024,523.349976,515.549988,517.125,480.049805,5304450
HDFC,26/03/15,513.450012,516.099976,501.049988,503.475006,467.378448,17900310
HDFC,27/03/15,507.475006,511.774994,504.049988,507.325012,470.952423,5420448
HDFC,30/03/15,510,519.5,506.399994,518.450012,481.279846,3477572
HDFC,31/03/15,519.950012,519.950012,507.424988,511.350006,474.688873,2981128
HDFC,01/04/15,513.049988,518.424988,506.5,516.625,479.585663,1922098
HDFC,06/04/15,517.5,518.424988,509.899994,515.974976,478.982269,3575586
HDFC,07/04/15,516.625,519.099976,511.825012,516.375,479.353607,3098536
HDFC,08/04/15,520.025024,521.224976,515.025024,517.775024,480.653259,2053072
HDFC,09/04/15,519.125,529.5,515,528.049988,490.191589,3501392
HDFC,10/04/15,526.5,526.5,517.424988,521.325012,483.9487,3059662
HDFC,13/04/15,520,523.150024,517.400024,519.400024,482.161713,2281618
HDFC,15/04/15,520,524.349976,512.599976,515.825012,478.843018,2446998
HDFC,16/04/15,514,516.775024,509,514.825012,477.914734,2805060
HDFC,17/04/15,512.549988,513.924988,508.024994,509.125,472.623413,2024506
HDFC,20/04/15,510,512.5,501.299988,502.549988,466.519775,2594440
HDFC,21/04/15,502.5,507.200012,497.799988,501.5,465.545013,3255372
HDFC,22/04/15,503.25,510.5,496.75,506.549988,470.232971,3382968
HDFC,23/04/15,510.024994,512.099976,503.049988,506.75,470.418671,4813914
HDFC,24/04/15,509.450012,509.5,500.174988,503.225006,467.146393,3602622
HDFC,27/04/15,503.475006,506.25,498,502.725006,466.682251,3685352
HDFC,28/04/15,499.774994,505.725006,495.049988,502.274994,466.264496,3971054
HDFC,29/04/15,502,504.75,494,496.575012,460.973175,3931782
HDFC,30/04/15,495.5,497.5,489.524994,494.399994,458.954071,7571842
HDFC,04/05/15,497.024994,504.75,496,500.475006,464.593536,1570724
HDFC,05/05/15,499.524994,501.950012,492.924988,493.825012,458.420349,2569002
HDFC,06/05/15,493.75,493.75,482.75,485.299988,450.5065,5503848
HDFC,07/05/15,484,485,472.100006,475.649994,441.54834,5868332
HDFC,08/05/15,480.75,493.899994,477.700012,491,455.797821,5785966
HDFC,11/05/15,493.024994,496.375,487.024994,495.149994,459.650299,3365672
HDFC,12/05/15,495,495,483.5,485.975006,451.133118,5553784
HDFC,13/05/15,487.924988,496.700012,485.799988,495.125,459.627075,3895924
HDFC,14/05/15,494.5,497.424988,487,495.524994,459.998383,2227594
HDFC,15/05/15,497.450012,498.774994,492.100006,495.049988,459.557495,4076812
HDFC,18/05/15,498,506,496,504.924988,468.724487,2856652
HDFC,19/05/15,503.174988,509,499.049988,503.774994,467.656952,2393174
HDFC,20/05/15,504.825012,513.400024,504.774994,512.025024,475.315491,2004420
HDFC,21/05/15,512,515,507.549988,512.349976,475.617126,1967190
HDFC,22/05/15,512.349976,514.5,509.174988,512.150024,475.431549,2344768
HDFC,25/05/15,514.200012,515.5,508.799988,511.774994,475.083374,2184530
HDFC,26/05/15,512.224976,515.099976,509.024994,513.700012,476.870392,2453172
HDFC,27/05/15,511.899994,520,510.700012,519.075012,481.860016,1609296
HDFC,28/05/15,519.525024,521.849976,511.100006,514.700012,477.798706,4780580
HDFC,29/05/15,514.974976,527,513.575012,525.275024,487.61554,2529340
HDFC,01/06/15,524.474976,528,515.5,518.099976,480.954895,1920660
HDFC,02/06/15,519.200012,520.150024,502.450012,504.399994,468.237152,2363004
HDFC,03/06/15,504.5,508.5,499,502.774994,466.728638,2912416
HDFC,04/06/15,504.424988,508.924988,497.5,507.475006,471.091705,2778794
HDFC,05/06/15,505.125,509.25,501.25,505.875,469.606415,3376930
HDFC,08/06/15,502.125,506.125,497.774994,501.725006,465.753937,1905998
HDFC,09/06/15,502.5,503,498.549988,500.924988,465.01123,3020130
HDFC,10/06/15,499,509.5,498.5,507.799988,471.393372,3993124
HDFC,11/06/15,508.799988,509.274994,497.350006,500.100006,464.245453,4547088
HDFC,12/06/15,500.5,505.424988,495.075012,504.575012,468.399567,3264172
HDFC,15/06/15,501,506.875,500,502.600006,466.566193,2999914
HDFC,16/06/15,500,505.225006,498.524994,504.200012,468.051483,3005262
HDFC,17/06/15,504.5,506.75,499.75,502.350006,466.334137,4843134
HDFC,18/06/15,502.950012,511.899994,501.125,509.799988,473.25,4215858
HDFC,19/06/15,512.400024,517.474976,506.575012,515.25,478.309235,1871162
HDFC,22/06/15,516.049988,528.450012,514.25,523.575012,486.037384,2724826
HDFC,23/06/15,526,530.599976,521.25,526.049988,488.334961,2827590
HDFC,24/06/15,527,528.900024,521.349976,522.900024,485.410828,3133698
HDFC,25/06/15,524.125,535.424988,521.325012,532.5,494.32254,8286784
HDFC,26/06/15,533.5,535.474976,525.75,531.424988,493.324585,2823752
HDFC,29/06/15,522.450012,530.875,515.25,528.325012,490.446838,3243918
HDFC,30/06/15,526.125,536,524,533.575012,495.320496,3645068
HDFC,01/07/15,530.674988,538.5,530.025024,536.174988,497.734009,2485594
HDFC,02/07/15,532.5,533.849976,527.825012,529.099976,498.605652,2241722
HDFC,03/07/15,527.025024,538.075012,527.025024,537.125,506.168182,2019644
HDFC,06/07/15,532.025024,542.5,530.125,541.75,510.526672,1633890
HDFC,07/07/15,539.25,545.75,539.25,543.424988,512.105164,2070736
HDFC,08/07/15,539.549988,540.299988,533,534.424988,503.62381,2700338
HDFC,09/07/15,531.349976,538.450012,530.049988,537.025024,506.073975,1398982
HDFC,10/07/15,534.900024,547.5,534.25,545.375,513.942688,2450044
HDFC,13/07/15,542.5,552.950012,542.5,548.075012,516.487122,3538042
HDFC,14/07/15,547.75,550.950012,543,545.924988,514.460938,2837058
HDFC,15/07/15,546.5,550.724976,545.400024,548.349976,516.746155,1924702
HDFC,16/07/15,549.400024,559.5,549.049988,557.349976,525.227539,3655212
HDFC,17/07/15,559.700012,560.875,552.799988,555.275024,523.272156,1755494
HDFC,20/07/15,557.974976,559.5,553.5,557.625,525.486694,2275634
HDFC,21/07/15,558.275024,564,546.549988,549.025024,517.382446,5514068
HDFC,22/07/15,548.200012,558.525024,544.325012,557.200012,525.086304,3643200
HDFC,23/07/15,556.450012,558.349976,550.049988,553.950012,522.02356,2541586
HDFC,24/07/15,551.575012,557.5,550.25,553.924988,521.999878,2380504
HDFC,27/07/15,551.950012,552.25,535,547.924988,516.345703,1664286
HDFC,28/07/15,547,556.950012,546.224976,554.25,522.306274,3172836
HDFC,29/07/15,552.549988,558.950012,552.525024,554.174988,522.235474,1971516
HDFC,30/07/15,553.5,558.5,550.549988,555.275024,523.272156,4731094
HDFC,31/07/15,557.799988,560.5,551.5,555.825012,523.790466,2824750
HDFC,03/08/15,556.375,558.75,546.724976,547.700012,516.133728,2172864
HDFC,04/08/15,549.049988,551,540.974976,543.224976,511.916595,2695464
HDFC,05/08/15,546.075012,548.849976,542.599976,546.099976,514.625916,2061390
HDFC,06/08/15,545.950012,550.674988,542.724976,547.974976,516.392822,1871856
HDFC,07/08/15,546.974976,548.75,544.299988,546.325012,514.838013,1613570
HDFC,10/08/15,547.5,552.974976,544,547.325012,515.780273,1977188
HDFC,11/08/15,547.525024,549.424988,542.125,547.349976,515.803833,1363844
HDFC,12/08/15,544.200012,547.450012,533.849976,535.224976,504.377716,3002870
HDFC,13/08/15,538.5,541.349976,533.299988,538.775024,507.723114,1732526
HDFC,14/08/15,541.549988,551.825012,539.950012,550.900024,519.149353,1800830
HDFC,17/08/15,549.525024,550.900024,537.900024,545.75,514.296082,1250106
HDFC,18/08/15,545.799988,548.049988,539.224976,543.174988,511.869507,928658
HDFC,19/08/15,542.424988,543.5,537.5,540.924988,509.749146,1502288
HDFC,20/08/15,534,542.375,534,537.349976,506.380249,1522426
HDFC,21/08/15,532,536.474976,525.5,530.650024,500.066376,3879486
HDFC,24/08/15,522.349976,522.349976,505.625,509.524994,480.158875,7343164
HDFC,25/08/15,512.349976,516.150024,502.850006,509.225006,479.87619,6173960
HDFC,26/08/15,508.700012,514.5,504.5,506.75,477.543854,2786500
HDFC,27/08/15,512.5,517.224976,504.549988,511.049988,481.596008,6936716
HDFC,28/08/15,515.525024,521.375,509.700012,513.974976,484.352417,2776568
HDFC,31/08/15,510.549988,516.450012,507.774994,513.724976,484.116852,1720730
HDFC,01/09/15,510.649994,510.649994,496.5,500.049988,471.22995,5234572
HDFC,02/09/15,502.549988,506.975006,492.5,497.575012,468.897644,4340844
HDFC,03/09/15,501.149994,507.5,499.5,505.149994,476.036072,3253684
HDFC,04/09/15,501.100006,503,490,498.024994,469.321686,5702296
HDFC,07/09/15,500.5,504.899994,490,492.225006,463.855988,2690870
HDFC,08/09/15,493.350006,505,488.5,502.024994,473.091187,3722244
HDFC,09/09/15,507.25,512.5,502.5,508.149994,478.863129,3276560
HDFC,10/09/15,501.5,508.475006,498.149994,505.5,476.365906,2231870
HDFC,11/09/15,507.25,510,503.399994,505.25,476.13031,2150880
HDFC,14/09/15,504.424988,511.149994,501.75,509.850006,480.465179,2530172
HDFC,15/09/15,508.975006,509.825012,504.049988,506.575012,477.378937,2166364
HDFC,16/09/15,509.450012,514.049988,505.774994,511.674988,482.184937,2127026
HDFC,18/09/15,517.5,531,515.575012,524.875,494.624237,3920584
HDFC,21/09/15,518.974976,527.5,518.174988,526.474976,496.131989,2138344
HDFC,22/09/15,525.025024,530,512.650024,515.325012,485.624634,3012606
HDFC,23/09/15,509.600006,526.724976,509.325012,524.599976,494.365021,2580576
HDFC,24/09/15,523.5,527,518,525.700012,495.401642,4126418
HDFC,28/09/15,527.5,530,521.549988,523.200012,493.045746,2888554
HDFC,29/09/15,516,536.950012,512.549988,532.400024,501.715515,5209420
HDFC,30/09/15,534,536.5,530.674988,534.400024,503.600281,4513898
HDFC,01/10/15,537.599976,538.450012,529.674988,533.825012,503.058441,2517394
HDFC,05/10/15,538.599976,552.400024,538.599976,549.174988,517.523682,4026686
HDFC,06/10/15,553.5,553.950012,541.5,542.974976,511.681,2379482
HDFC,07/10/15,544,549.174988,541.674988,543.875,512.529175,2193134
HDFC,08/10/15,544.049988,545.349976,537.700012,541.549988,510.338135,1940954
HDFC,09/10/15,547.5,547.5,540.099976,543.075012,511.775238,1721614
HDFC,12/10/15,543.849976,547.75,538.900024,540.275024,509.136627,1108670
HDFC,13/10/15,537.775024,541.075012,536.599976,538.174988,507.157654,911826
HDFC,14/10/15,534.400024,543.25,533.525024,542.375,511.115662,1374574
HDFC,15/10/15,542.849976,548.25,540.5,542.075012,510.832916,1962976
HDFC,16/10/15,545,550.75,542.5,550.025024,518.324707,2421844
HDFC,19/10/15,550,551.049988,547.150024,548.900024,517.264648,1327110
HDFC,20/10/15,549,551.450012,545.599976,547.450012,515.898132,1925678
HDFC,21/10/15,549.450012,552,542.5,547.5,515.945251,3636602
HDFC,23/10/15,549.724976,556.849976,548,554.25,522.306274,2233524
HDFC,26/10/15,556.974976,557.099976,548.5,550.75,519.007935,2443992
HDFC,27/10/15,547.775024,557,547.775024,555.450012,523.437073,4492016
HDFC,28/10/15,552.525024,562,552.525024,555.75,523.719788,3847380
HDFC,29/10/15,555,557.25,550,551.775024,519.973877,3351184
HDFC,30/10/15,551,556,545.224976,549.799988,518.112671,4048730
HDFC,02/11/15,547.525024,547.950012,538.25,541.549988,510.338135,1578276
HDFC,03/11/15,545.474976,546,539.599976,542.450012,511.186279,1274296
HDFC,04/11/15,545.025024,549.049988,539.125,540.849976,509.678528,1348222
HDFC,05/11/15,539.25,541.5,534.75,539.924988,508.806793,1798476
HDFC,06/11/15,540.349976,544.5,537.625,540.450012,509.301544,2940502
HDFC,09/11/15,529,534.825012,525.5,532.400024,501.715515,5714716
HDFC,10/11/15,530.025024,532.5,526.224976,527.299988,496.909485,2201290
HDFC,13/11/15,524.700012,527.5,520.5,526.025024,495.707977,1970014
HDFC,16/11/15,524.375,532.5,522.625,530.474976,499.901398,2367366
HDFC,17/11/15,531.650024,531.900024,525.599976,530.400024,499.83078,1283702
HDFC,18/11/15,530.849976,532.924988,523.150024,524.299988,494.082367,1223360
HDFC,19/11/15,527.5,535.474976,524.799988,534.450012,503.6474,1638840
HDFC,20/11/15,532.450012,540.125,530,535.424988,504.566162,2324080
HDFC,23/11/15,537,537.75,529.525024,533.025024,502.304535,1704140
HDFC,24/11/15,532.625,536.75,531.049988,532.174988,501.50351,2001126
HDFC,26/11/15,529.5,533.5,525.549988,531.974976,501.314972,4395742
HDFC,27/11/15,532.424988,541.099976,530.474976,539.700012,508.594818,3462536
HDFC,30/11/15,539.599976,540.5,534.849976,538.875,507.817291,2623888
HDFC,01/12/15,538.525024,542.450012,536.75,541.5,510.291077,947666
HDFC,02/12/15,545,546.349976,535.924988,538.900024,507.840881,1281142
HDFC,03/12/15,536.25,540.5,533.650024,538.375,507.34613,1903856
HDFC,04/12/15,536.799988,536.799988,528,529.450012,498.935547,2929914
HDFC,07/12/15,534.099976,535.549988,530.549988,530.974976,500.37262,2907404
HDFC,08/12/15,530.5,530.950012,523.5,524.625,494.388641,2451330
HDFC,09/12/15,523.549988,528.5,522.424988,523.724976,493.540466,1945308
HDFC,10/12/15,522.5,531.599976,521.150024,530.299988,499.736542,3257170
HDFC,11/12/15,530,530.299988,521,523.174988,493.022217,1516960
HDFC,14/12/15,520.5,529.924988,520.049988,527.525024,497.121521,2939008
HDFC,15/12/15,526.5,531.224976,522.650024,529.724976,499.194641,2278708
HDFC,16/12/15,531.5,536.674988,529.674988,533.650024,502.893524,3421384
HDFC,17/12/15,536.950012,542,532.5,540.125,508.995331,2439006
HDFC,18/12/15,542.5,542.5,534.25,536.5,505.579163,1586064
HDFC,21/12/15,535.875,539.950012,534.525024,537.700012,506.710052,1548750
HDFC,22/12/15,537.25,538.25,532,533.224976,502.49292,1214768
HDFC,23/12/15,536.299988,538.974976,534.575012,537.049988,506.097534,1506984
HDFC,24/12/15,538.099976,538.200012,534.150024,537,506.050385,1073176
HDFC,28/12/15,537,539.950012,533.875,538.625,507.581696,3877714
HDFC,29/12/15,539.474976,539.924988,535.650024,538.974976,507.91156,2115806
HDFC,30/12/15,540,540.974976,536.275024,537.150024,506.191742,1056280
HDFC,31/12/15,537.5,542.450012,537.5,541.075012,509.890594,4645004
HDFC,01/01/16,541.200012,545.125,538.075012,544.375,513.000366,1597538
HDFC,04/01/16,542,542,534.049988,535.25,504.401276,2593768
HDFC,05/01/16,535.099976,537.400024,530.674988,531.200012,500.584686,1580436
HDFC,06/01/16,528.325012,538.375,528.325012,533.549988,502.799225,2082768
HDFC,07/01/16,530.049988,532.450012,524.849976,528.099976,497.66333,3027714
HDFC,08/01/16,530.974976,532.25,528.625,531.174988,500.561157,1744178
HDFC,11/01/16,526.025024,530.5,522.650024,529.299988,498.79422,1644456
HDFC,12/01/16,531.950012,531.950012,521.75,523.474976,493.304871,2129368
HDFC,13/01/16,526,531.375,518.5,530.075012,499.524567,2257574
HDFC,14/01/16,525.075012,528.700012,519.75,524.875,494.624237,3139592
HDFC,15/01/16,524,527.724976,519.049988,521.075012,491.043243,2708630
HDFC,18/01/16,517.825012,520.724976,510.5,512.924988,483.362946,3247694
HDFC,19/01/16,513.599976,518.775024,513.150024,517.900024,488.051208,3202606
HDFC,20/01/16,512.5,554,503.950012,509.149994,479.805511,4781794
HDFC,21/01/16,510.5,516.625,506.700012,511.5,482.020081,3150402
HDFC,22/01/16,512.849976,522.125,511.024994,515.150024,485.459717,2118142
HDFC,25/01/16,519.974976,523.349976,516.525024,520.575012,490.572021,5071942
HDFC,27/01/16,524.224976,524.349976,516.5,517.825012,487.98053,2019734
HDFC,28/01/16,519.5,523.450012,515,515.849976,486.119354,4975986
HDFC,29/01/16,517.599976,527.474976,517.599976,524.924988,494.671356,2680092
HDFC,01/02/16,529,533.5,526.849976,529.875,499.336029,2304742
HDFC,02/02/16,532.5,532.625,525.099976,526.900024,496.532532,3264314
HDFC,03/02/16,522.25,525.700012,521,521.924988,491.844177,2425122
HDFC,04/02/16,524,527.450012,522.775024,524.599976,494.365021,2837996
HDFC,05/02/16,526.400024,531.900024,522.799988,527.625,497.215729,3761952
HDFC,08/02/16,527.5,529,515.150024,517.924988,488.074768,1740962
HDFC,09/02/16,513.349976,515.775024,510.325012,513.025024,483.457214,2767730
HDFC,10/02/16,511.950012,515.075012,505.049988,506.475006,477.284698,3841140
HDFC,11/02/16,505,506.5,484.100006,487.649994,459.544647,4401800
HDFC,12/02/16,489.5,493.225006,483,485.700012,457.707062,6271072
HDFC,15/02/16,490,494.125,485.549988,486.799988,458.743622,5456480
HDFC,16/02/16,490.75,491,481,486.725006,458.672974,3568048
HDFC,17/02/16,488.450012,489.950012,479.5,487.450012,459.356201,3751962
HDFC,18/02/16,493,495.625,488.5,494.725006,466.211914,3399928
HDFC,19/02/16,494.375,496.299988,486.75,494.649994,466.141174,1664330
HDFC,22/02/16,491.5,498,491.5,494.375,465.88205,2001198
HDFC,23/02/16,492.450012,492.75,483,485.024994,457.070923,3039160
HDFC,24/02/16,480,481.450012,473.200012,474.799988,447.435272,3231734
HDFC,25/02/16,477,478.625,469.100006,471.325012,444.160553,4231598
HDFC,26/02/16,475,485.5,472.5,480.5,452.806763,3104694
HDFC,29/02/16,480.549988,491.299988,464,485.924988,457.919037,4406376
HDFC,01/03/16,487.475006,493.375,485.924988,492.075012,463.71463,2161280
HDFC,02/03/16,499,505.450012,497.5,503.600006,474.575378,3179488
HDFC,03/03/16,505.375,510,505,507.924988,478.651093,2305200
HDFC,04/03/16,507.725006,512.450012,496.549988,510.274994,480.865662,2852312
HDFC,08/03/16,512,512,504.75,507.075012,477.850128,956844
HDFC,09/03/16,506.5,514.950012,503.375,512.400024,482.868225,3264086
HDFC,10/03/16,512.400024,512.875,505.049988,510.625,481.195526,1335696
HDFC,11/03/16,509.950012,515.400024,506.5,514.349976,484.70578,2365428
HDFC,14/03/16,514,518.974976,512.625,513.775024,484.164001,1504328
HDFC,15/03/16,513.950012,516.700012,510.825012,513.349976,483.763428,3845018
HDFC,16/03/16,513.5,517.125,509.475006,515.224976,485.530396,2401774
HDFC,17/03/16,517.474976,519.5,505.575012,509.200012,479.852661,2556742
HDFC,18/03/16,511.475006,516,507.674988,514.200012,484.564453,2067534
HDFC,21/03/16,516.5,523.674988,516.125,522.799988,492.668732,2659398
HDFC,22/03/16,523.25,528.299988,520.349976,526.924988,496.556091,2060132
HDFC,23/03/16,526.525024,526.525024,520.275024,524.674988,494.43576,4232150
HDFC,28/03/16,522.5,526.5,520.825012,523.75,493.564087,5635434
HDFC,29/03/16,523.75,529.75,522.125,526.900024,496.532532,3366976
HDFC,30/03/16,529,534.950012,526.950012,532.474976,501.786194,3907190
HDFC,31/03/16,533.424988,539.450012,532.525024,535.575012,504.707581,10040196
HDFC,01/04/16,534.400024,538.200012,528.400024,532.224976,501.550537,2579324
HDFC,04/04/16,532.599976,536.400024,532,534.525024,503.718048,3089980
HDFC,05/04/16,534.5,538.450012,527.825012,528.724976,498.252258,3331514
HDFC,06/04/16,530.5,533.474976,528.375,530.75,500.160614,2147688
HDFC,07/04/16,532,532.375,523.525024,527.75,497.333527,1955846
HDFC,08/04/16,527.5,531.674988,527.125,529.674988,499.147552,1481398
HDFC,11/04/16,530.150024,537.049988,521.424988,535.474976,504.613281,2024810
HDFC,12/04/16,534.799988,535.5,529.625,531.5,500.867371,2470740
HDFC,13/04/16,536,542.474976,534.75,540.875,509.702087,2487302
HDFC,18/04/16,541.75,546,535.799988,543.900024,512.552673,2058534
HDFC,20/04/16,545.950012,550,541.775024,548.924988,517.288086,1910676
HDFC,21/04/16,547.5,552.575012,544.5,545.575012,514.131226,4095864
HDFC,22/04/16,544.75,550.424988,542.599976,546.075012,514.602417,3904660
HDFC,25/04/16,550,550,542.25,546.625,515.120728,2780980
HDFC,26/04/16,547.5,557.5,546.25,556.924988,524.827087,3526898
HDFC,27/04/16,554.924988,562.5,554.5,562.099976,529.703735,2881818
HDFC,28/04/16,562.099976,568.349976,555.174988,556.974976,524.874084,4044792
HDFC,29/04/16,556.900024,568,553.099976,566.174988,533.543945,2805970
HDFC,02/05/16,563.875,565,558,558.825012,526.617554,1931358
HDFC,03/05/16,560.950012,567.5,556.575012,559,526.782471,2347648
HDFC,04/05/16,558.75,567.25,557.125,563.674988,531.187988,2646164
HDFC,05/05/16,564,567.375,561.349976,566.150024,533.520325,2607124
HDFC,06/05/16,566,566.125,558.625,559.825012,527.559937,1366576
HDFC,09/05/16,560,572.474976,559.5,570.700012,537.808167,3476590
HDFC,10/05/16,571.75,573.75,568.049988,572.450012,539.457275,2726500
HDFC,11/05/16,567.349976,572.5,564.849976,569.400024,536.583008,3073686
HDFC,12/05/16,572,576,566.25,574.549988,541.436218,2110844
HDFC,13/05/16,574,574,565,570.450012,537.572571,2522658
HDFC,16/05/16,572.5,582.950012,566.275024,581.400024,547.891479,2259384
HDFC,17/05/16,582.525024,584.625,575.650024,576.724976,543.48584,2147712
HDFC,18/05/16,575.5,575.5,565.75,570.325012,537.454712,2081322
HDFC,19/05/16,570.049988,571.349976,566,569.650024,536.818665,1927898
HDFC,20/05/16,569.974976,574.25,566.799988,570.450012,537.572571,1008316
HDFC,23/05/16,570.974976,574.974976,566.599976,568.375,535.617126,1731766
HDFC,24/05/16,569.200012,571.825012,567.775024,569.974976,537.124878,1629734
HDFC,25/05/16,573.150024,587.974976,573.150024,586.650024,552.838806,2883674
HDFC,26/05/16,588.049988,594.450012,583.125,591.625,557.5271,6852780
HDFC,27/05/16,591.625,595,588.349976,593.400024,559.199829,2887592
HDFC,30/05/16,593.5,597.5,589.049988,589.875,555.87793,1907266
HDFC,31/05/16,592.950012,592.950012,588.700012,590.950012,556.891052,2757820
HDFC,01/06/16,591.474976,591.474976,585.5,587.575012,553.710571,2837816
HDFC,02/06/16,587.349976,590.299988,585.5,587.474976,553.616272,3955308
HDFC,03/06/16,590.049988,592.5,584.525024,585.875,552.108521,2262210
HDFC,06/06/16,588,591.200012,585.025024,585.549988,551.802246,2773654
HDFC,07/06/16,588.474976,590,583.825012,586.849976,553.027344,2814252
HDFC,08/06/16,587.900024,589,580.5,581.299988,547.79718,2371406
HDFC,09/06/16,581.25,582.099976,576.25,579.700012,546.289429,2324092
HDFC,10/06/16,579.200012,586.349976,578.099976,580.674988,547.208252,3161156
HDFC,13/06/16,577.375,582.474976,575.525024,576.450012,543.226746,1661618
HDFC,14/06/16,577.5,578.5,572.125,575.924988,542.731995,1914384
HDFC,15/06/16,577.5,585.450012,576.599976,584.775024,551.07196,1522912
HDFC,16/06/16,583.275024,584.424988,577.674988,581.075012,547.585144,2363884
HDFC,17/06/16,583.5,589,582.775024,585,551.283997,1880826
HDFC,20/06/16,579.5,589.625,579.400024,586.025024,552.249878,1371382
HDFC,21/06/16,587.5,587.724976,580.599976,583.325012,549.705444,1335484
HDFC,22/06/16,583,587.5,583,585.75,551.990662,1901920
HDFC,23/06/16,584.900024,595.924988,583.75,595.049988,560.754761,1963366
HDFC,24/06/16,579.924988,585.950012,573.5,580.950012,547.467346,5586982
HDFC,27/06/16,581,584.5,576.525024,579.974976,546.548462,2081894
HDFC,28/06/16,580.625,586.549988,575,583.474976,549.846741,2017490
HDFC,29/06/16,582.5,584.75,579.849976,584.150024,559.594177,2710334
HDFC,30/06/16,585.5,590,581.075012,588.224976,563.497803,8139446
HDFC,01/07/16,590,592.5,585.900024,587.25,562.563843,2152438
HDFC,04/07/16,589.099976,589.75,585.700012,586.400024,561.749573,3624926
HDFC,05/07/16,586.400024,587.150024,581,582.799988,558.300903,1068164
HDFC,07/07/16,583.950012,594.375,580.450012,592.825012,567.904419,2416308
HDFC,08/07/16,592.549988,592.799988,585.625,587.424988,562.731445,1559434
HDFC,11/07/16,593,600.950012,590.525024,599.875,574.658142,2551266
HDFC,12/07/16,604.950012,604.950012,597.775024,601.075012,575.807678,3523016
HDFC,13/07/16,599.900024,600.974976,596.650024,598.875,573.700134,3343536
HDFC,14/07/16,600.5,601.075012,596.099976,600.174988,574.945496,1729834
HDFC,15/07/16,601.900024,613,597.549988,611.849976,586.1297,2887108
HDFC,18/07/16,612.5,619.25,611.325012,613.724976,587.925842,2219242
HDFC,19/07/16,614.5,615.375,606.924988,609.174988,583.5672,1293002
HDFC,20/07/16,611.5,619.25,610.875,616.099976,590.200989,2345166
HDFC,21/07/16,615.349976,619.950012,611.25,614.299988,588.476746,4556452
HDFC,22/07/16,616.674988,617.325012,610.75,615.400024,589.530518,2810136
HDFC,25/07/16,616.5,624.724976,613.5,623.474976,597.265991,4936442
HDFC,26/07/16,621.200012,622.825012,617.575012,619.400024,593.362366,2832996
HDFC,27/07/16,620.5,623.775024,615,618.474976,592.476196,5367368
HDFC,28/07/16,619,625.625,617.775024,624.224976,597.984497,5323264
HDFC,29/07/16,624,625,617.5,623.099976,596.906799,1697838
HDFC,01/08/16,624.5,629.474976,613.825012,621.150024,595.038757,2780432
HDFC,02/08/16,623.5,628.224976,620.200012,621.650024,595.517761,2664698
HDFC,03/08/16,620.549988,624.974976,615.5,620.224976,594.152649,2366938
HDFC,04/08/16,623.299988,623.349976,616.799988,620.5,594.416077,2331440
HDFC,05/08/16,623.700012,627.825012,620.875,624.625,598.367737,2892456
HDFC,08/08/16,626.450012,627.5,622.275024,624.799988,598.535339,2364388
HDFC,09/08/16,626.450012,626.450012,618.849976,623.599976,597.385803,2105428
HDFC,10/08/16,622.5,625.474976,609.875,613.450012,587.662476,1809860
HDFC,11/08/16,613.400024,617.5,611,614.125,588.309082,1428036
HDFC,12/08/16,615.525024,617.5,609.700012,614.349976,588.524536,2320748
HDFC,16/08/16,616.5,619.224976,606.900024,613.650024,587.854065,1734284
HDFC,17/08/16,616.700012,618.75,613,617.450012,591.494324,2755518
HDFC,18/08/16,619,627.450012,617.275024,626.25,599.924438,3055828
HDFC,19/08/16,625,625,620.724976,623.549988,597.33783,2055318
HDFC,22/08/16,622.525024,627.224976,620.5,625.150024,598.870667,2750646
HDFC,23/08/16,625.5,627,623.025024,625.724976,599.421448,2657262
HDFC,24/08/16,626.025024,632.099976,623.525024,630.900024,604.378967,2785468
HDFC,25/08/16,632,633.400024,627.150024,629.275024,602.822266,4364944
HDFC,26/08/16,630,630.950012,626.950012,628.549988,602.127686,1260568
HDFC,29/08/16,627.75,627.75,618.099976,619.049988,593.027039,1472092
HDFC,30/08/16,622.549988,635.25,621.974976,634.325012,607.659973,4933804
HDFC,31/08/16,634.5,647.5,632.75,645.599976,618.460938,5580682
HDFC,01/09/16,644,645,637.700012,641.849976,614.86853,2612338
HDFC,02/09/16,642.75,644.5,640.575012,642.549988,615.539185,1977594
HDFC,06/09/16,645.025024,651.950012,645.025024,650.200012,622.867615,2754442
HDFC,07/09/16,650.5,652.5,641.549988,643.375,616.329529,2008222
HDFC,08/09/16,645,647.625,641.799988,644.700012,617.598816,1452690
HDFC,09/09/16,645,647.25,639.150024,645.200012,618.07782,2006884
HDFC,12/09/16,637.349976,642.200012,635.75,639.950012,613.048523,1992864
HDFC,14/09/16,637.5,638.5,632.700012,634.724976,608.043091,1924754
HDFC,15/09/16,636,641.950012,634.924988,639.799988,612.904785,1750906
HDFC,16/09/16,641.900024,652.25,641.900024,648.924988,621.646118,3262908
HDFC,19/09/16,648.5,651.25,644,645.075012,617.958069,2947416
HDFC,20/09/16,646.325012,647.5,642.025024,644.224976,617.143677,1889124
HDFC,21/09/16,646,649,643.950012,646.5,619.32312,2128200
HDFC,22/09/16,652.5,658.474976,650.275024,653.450012,625.981018,3277900
HDFC,23/09/16,653.025024,659.224976,650.75,656.349976,628.759033,2438404
HDFC,26/09/16,653.049988,654.450012,646.849976,648.075012,620.831909,2788386
HDFC,27/09/16,649.5,653.075012,647.424988,649.025024,621.741943,2028406
HDFC,28/09/16,649.950012,650,644.5,647.625,620.400757,2494826
HDFC,29/09/16,648.974976,653,633.974976,638.75,611.898926,8225006
HDFC,30/09/16,638.549988,640.5,633.700012,636.424988,609.671692,2069214
HDFC,03/10/16,640.5,644.950012,638.200012,643.599976,616.544983,1950274
HDFC,04/10/16,644.299988,647.5,641.150024,644.775024,617.670654,1387756
HDFC,05/10/16,649,650.025024,638.200012,643.049988,616.018188,1823510
HDFC,06/10/16,643.549988,647.799988,639.525024,640.974976,614.030334,1447856
HDFC,07/10/16,642,643.875,638.125,640.299988,613.383728,1668732
HDFC,10/10/16,642.5,643.950012,639.375,642.174988,615.179932,2359656
HDFC,13/10/16,639.5,639.5,628.224976,631.375,604.833984,2259678
HDFC,14/10/16,632.875,634,627,630.900024,604.378967,2033558
HDFC,17/10/16,632.75,633.200012,616.375,618.849976,592.835449,2567680
HDFC,18/10/16,621.599976,630,619.5,628.924988,602.486877,1305484
HDFC,19/10/16,630.549988,631.5,624,629.174988,602.726379,1522452
HDFC,20/10/16,630.125,633.724976,625.5,627.75,601.361328,1600178
HDFC,21/10/16,628,636.474976,625,635.349976,608.641785,1978204
HDFC,24/10/16,635.875,638.424988,630.525024,631.775024,605.217163,1627832
HDFC,25/10/16,634,634,622.025024,625.150024,598.870667,2750898
HDFC,26/10/16,621.674988,632.5,617.525024,619.650024,593.601868,2683270
HDFC,27/10/16,619.5,628.5,612.075012,626.049988,599.732788,5811930
HDFC,28/10/16,627.25,630.950012,620.049988,629.525024,603.061768,2660268
HDFC,01/11/16,628,631.924988,623.525024,629.900024,603.420959,1701208
HDFC,02/11/16,625.549988,627.849976,620.75,623.075012,596.882813,3237216
HDFC,03/11/16,622.5,630,615.875,627.474976,601.097839,3157906
HDFC,04/11/16,626.400024,626.400024,620.875,621.849976,595.709351,2867460
HDFC,07/11/16,626,627.424988,620,624.724976,598.463501,2835696
HDFC,08/11/16,625.549988,629,620.049988,627.150024,600.78656,2674082
HDFC,09/11/16,600,628.700012,597.674988,625.625,599.325684,6822734
HDFC,10/11/16,631.875,641.5,627.049988,639.275024,612.401855,5350368
HDFC,11/11/16,637,641,632.799988,637.900024,611.084656,3569660
HDFC,15/11/16,638.75,644.5,625.325012,627.375,601.002075,6256262
HDFC,16/11/16,634,634,620.025024,622.174988,596.02063,4323872
HDFC,17/11/16,619.150024,624.450012,612.575012,615.099976,589.243042,2407812
HDFC,18/11/16,618,618,604.599976,605.700012,580.238281,3439950
HDFC,21/11/16,609.75,609.75,594.174988,599.349976,574.15509,2776260
HDFC,22/11/16,603.400024,603.400024,594.674988,599.025024,573.843811,5008892
HDFC,23/11/16,601.5,601.5,590.549988,592.375,567.473328,1766346
HDFC,24/11/16,592,593.150024,580.450012,582.75,558.252991,7642998
HDFC,25/11/16,584.5,596.599976,579,594.650024,569.652771,2984980
HDFC,28/11/16,590.125,599.450012,589.049988,592.224976,567.329651,2065090
HDFC,29/11/16,592.349976,596.474976,588.25,589.375,564.599487,1966322
HDFC,30/11/16,592.5,601,590.549988,599.799988,574.586243,3221420
HDFC,01/12/16,601.150024,603.950012,596.5,598.625,573.460632,2238492
HDFC,02/12/16,594.5,600.974976,588.349976,594.549988,569.557007,2031336
HDFC,05/12/16,593.799988,599.474976,588.25,598.174988,573.029541,2275968
HDFC,06/12/16,597.5,601.424988,595.099976,597.224976,572.119446,1351482
HDFC,07/12/16,600.924988,602.950012,583.5,590.799988,565.964539,2814096
HDFC,08/12/16,593.5,602.775024,593.5,599.75,574.538391,2154848
HDFC,09/12/16,599.549988,601.150024,594,599.150024,573.963501,2193976
HDFC,12/12/16,596,596.075012,590.549988,592.224976,567.329651,1712636
HDFC,13/12/16,590.125,595.174988,589.275024,593.125,568.191772,1263434
HDFC,14/12/16,593.5,594,586.700012,587.849976,563.138611,2157072
HDFC,15/12/16,582.099976,597.25,581.799988,588.299988,563.569702,2470744
HDFC,16/12/16,588.299988,592.5,585.775024,591.150024,566.299927,1627914
HDFC,19/12/16,588.400024,589.75,585.25,588.375,563.641541,1580218
HDFC,20/12/16,588,592.5,585.849976,590.950012,566.108337,2094996
HDFC,21/12/16,592,592.5,587.5,590,565.198181,1329438
HDFC,22/12/16,588.200012,589.75,584.200012,586.549988,561.89325,1402858
HDFC,23/12/16,585.5,594.625,584.650024,593.125,568.191772,2376258
HDFC,26/12/16,589.275024,593.049988,585.049988,587.5,562.803345,2091932
HDFC,27/12/16,589.650024,593.450012,586.950012,592.599976,567.688904,2449648
HDFC,28/12/16,594.950012,597.474976,590.5,593.375,568.431335,3253920
HDFC,29/12/16,592.5,603.974976,590.724976,602.599976,577.268555,4050408
HDFC,30/12/16,600,606,599.974976,603.099976,577.747498,2033270
HDFC,02/01/17,604.724976,605.049988,596.025024,598.549988,573.388733,1854328
HDFC,03/01/17,600.400024,600.974976,592.875,594.950012,569.940186,1923750
HDFC,04/01/17,594.924988,596,591.900024,592.75,567.832581,3483560
HDFC,05/01/17,594.5,597.25,591.549988,593.099976,568.167847,3388192
HDFC,06/01/17,595.049988,599.200012,594.099976,596.825012,571.736328,2762630
HDFC,09/01/17,599.424988,602.075012,596.075012,597.599976,572.478699,2286898
HDFC,10/01/17,598.099976,608.400024,597.650024,607.174988,581.651306,2773058
HDFC,11/01/17,608.75,619.049988,607.75,617,591.063232,4671702
HDFC,12/01/17,617.5,621.849976,612.75,617.5,591.542175,1458158
HDFC,13/01/17,619.5,619.849976,614.299988,616.25,590.344727,1925206
HDFC,16/01/17,616.75,624.724976,616.400024,623.825012,597.601318,1882932
HDFC,17/01/17,623.5,626.200012,618.125,619.25,593.218628,1779806
HDFC,18/01/17,620.450012,628,620.424988,621.299988,595.182495,2306444
HDFC,19/01/17,622.450012,622.450012,617.5,618.150024,592.164917,1756206
HDFC,20/01/17,618,622.5,615,618.174988,592.188843,6971034
HDFC,23/01/17,618,625,617.900024,622.325012,596.164368,2396924
HDFC,24/01/17,625,635.75,624.625,633.775024,607.133057,5130932
HDFC,25/01/17,636.299988,647.799988,635.049988,645.299988,618.173584,7818492
HDFC,27/01/17,649.5,650,644,645.950012,618.796326,3426118
HDFC,30/01/17,646.474976,646.474976,640.275024,642.474976,615.467285,2659814
HDFC,31/01/17,641.200012,646.349976,638.5,643.325012,616.281616,3050520
HDFC,01/02/17,643.099976,655,640.25,652.849976,625.406189,5455332
HDFC,02/02/17,652.849976,652.849976,646.299988,649.349976,622.053406,2985818
HDFC,03/02/17,649.5,658,648.25,655.525024,627.96875,4002552
HDFC,06/02/17,656.150024,660,655.724976,657.049988,629.429626,2155110
HDFC,07/02/17,658,659,651.474976,653.575012,626.100708,1705960
HDFC,08/02/17,653.775024,659.349976,649.075012,652.825012,625.382263,2470480
HDFC,09/02/17,654.700012,659.950012,646.275024,648.825012,621.550354,2232688
HDFC,10/02/17,649.174988,654.375,649,651.799988,624.40033,1648368
HDFC,13/02/17,653.775024,657.5,649.599976,655.099976,627.561584,1397896
HDFC,14/02/17,657,657,652,655.549988,627.992676,1223030
HDFC,15/02/17,656,662,653.724976,661.099976,633.309326,3063470
HDFC,16/02/17,661.5,666.5,660.125,663.950012,636.039551,2521850
HDFC,17/02/17,722.5,727,680.224976,688.525024,659.581604,201129980
HDFC,20/02/17,680.599976,707.724976,679.575012,704.549988,674.932861,5283358
HDFC,21/02/17,703.025024,710.900024,698.700012,707.775024,678.022339,3130014
HDFC,22/02/17,707.5,709.400024,697.424988,699.575012,670.167053,2648388
HDFC,23/02/17,701.900024,710.674988,693.525024,697.150024,667.843994,17247490
HDFC,27/02/17,695.450012,699.174988,689.299988,696.799988,667.508667,2340688
HDFC,28/02/17,696.450012,698.125,692.25,695.049988,665.832275,1464004
HDFC,01/03/17,698.224976,698.25,693.200012,695.825012,666.574707,1740868
HDFC,02/03/17,697.275024,698,688.125,690.049988,661.042419,2300994
HDFC,03/03/17,692.25,692.25,684.5,688.5,659.557556,1246412
HDFC,06/03/17,688.400024,694.950012,686.549988,690.375,661.35376,1839562
HDFC,07/03/17,691.125,693.75,688.099976,693.099976,663.964172,1556438
HDFC,08/03/17,693.950012,699.599976,690.525024,696.099976,666.838013,1891072
HDFC,09/03/17,690.825012,699.349976,690.825012,697.099976,667.795959,1754658
HDFC,10/03/17,697.5,704,696.575012,700.049988,670.62207,2930352
HDFC,14/03/17,711.049988,712.075012,703.325012,705.349976,675.69928,3577510
HDFC,15/03/17,705.474976,710,705.275024,708.299988,678.525208,2135930
HDFC,16/03/17,709.049988,711.424988,706.825012,708.674988,678.88446,2490054
HDFC,17/03/17,709.275024,713.75,706.424988,712.924988,682.955811,1695232
HDFC,20/03/17,713.325012,719.924988,712.974976,718.049988,687.865417,4071172
HDFC,21/03/17,717,722.5,717,720.474976,690.188416,2778640
HDFC,22/03/17,713.849976,718.5,712.900024,715.450012,685.374634,2818272
HDFC,23/03/17,717.200012,717.5,711.450012,715.450012,685.374634,2461236
HDFC,24/03/17,716.5,717.224976,711,712.174988,682.237366,1905182
HDFC,27/03/17,712,712,702.025024,704.924988,675.292053,2932042
HDFC,28/03/17,709.150024,712.349976,706.549988,710.099976,680.249573,4030700
HDFC,29/03/17,710.400024,717.400024,710,714.299988,684.27301,4287886
HDFC,30/03/17,714,739.974976,712.525024,733.099976,702.282776,17160546
HDFC,31/03/17,726.900024,727,718.275024,721.275024,690.954895,4825696
HDFC,03/04/17,723,725.049988,713,716.599976,686.476318,2074526
HDFC,05/04/17,717.625,723.25,713.775024,716.174988,686.069153,2872040
HDFC,06/04/17,715.75,721.5,712.525024,719.25,689.014954,3062208
HDFC,07/04/17,715.525024,722.5,714.299988,719.424988,689.182617,2324180
HDFC,10/04/17,721.5,721.5,716.325012,717.075012,686.931335,1696938
HDFC,11/04/17,717,720.599976,715.75,719.75,689.493896,2178130
HDFC,12/04/17,719.5,724.974976,717.75,721.849976,691.505554,1782546
HDFC,13/04/17,721.5,724.450012,718.525024,720.150024,689.877136,2402118
HDFC,17/04/17,720.150024,721.900024,714.125,718.400024,688.200745,3568528
HDFC,18/04/17,720,727.5,719,723.650024,693.22998,1819430
HDFC,19/04/17,723.5,728.375,719,724.5,694.04425,2169072
HDFC,20/04/17,726.5,733.025024,726.474976,731.075012,700.342896,2890686
HDFC,21/04/17,733,749.5,726.650024,748.299988,716.84375,8629016
HDFC,24/04/17,749.049988,769.5,748.5,766.525024,734.302612,10103476
HDFC,25/04/17,767.525024,772.75,764.799988,768.525024,736.218628,4528890
HDFC,26/04/17,771.474976,776.5,734.224976,775.325012,742.732727,3897926
HDFC,27/04/17,773.049988,786.974976,773.049988,784.299988,751.330444,8090210
HDFC,28/04/17,779.950012,779.950012,768.549988,773.25,740.744934,2718864
HDFC,02/05/17,773.5,775.450012,765.174988,770.299988,737.918945,2003520
HDFC,03/05/17,777.125,777.125,769.674988,772.150024,739.691223,1253982
HDFC,04/05/17,769.625,771.450012,761.299988,767.400024,735.14093,2565514
HDFC,05/05/17,771.049988,771.450012,763.150024,766.099976,733.895447,1378948
HDFC,08/05/17,769,770,764.275024,767.400024,735.14093,1873626
HDFC,09/05/17,767.400024,772.799988,766.325012,767.875,735.595947,1672918
HDFC,10/05/17,770,777.5,768.525024,775.900024,743.283569,1171122
HDFC,11/05/17,775.5,780,770.5,773.200012,740.697021,1937872
HDFC,12/05/17,772.950012,778.450012,768.099976,775.825012,743.21167,3073802
HDFC,15/05/17,775,778.599976,771.125,776.700012,744.049927,1402390
HDFC,16/05/17,777.5,781,774.125,779.825012,747.04364,1795188
HDFC,17/05/17,779.400024,782.700012,775.75,778.575012,745.84613,1736236
HDFC,18/05/17,774.5,780.75,774.049988,778.549988,745.822144,1553640
HDFC,19/05/17,779.75,784.950012,772.625,780.625,747.809937,1427068
HDFC,22/05/17,782.549988,790,781.549988,788,754.874878,1430026
HDFC,23/05/17,790,791.775024,782.5,784.549988,751.569885,1540086
HDFC,24/05/17,784.525024,787.724976,781,783.375,750.444336,1733694
HDFC,25/05/17,783.549988,814.700012,783.549988,808.575012,774.585022,10045402
HDFC,26/05/17,803.325012,816,800.549988,813,778.823975,2721578
HDFC,29/05/17,809.900024,824,808.825012,815.950012,781.649963,2958170
HDFC,30/05/17,815,816.75,808.075012,814.525024,780.284912,2217092
HDFC,31/05/17,812.5,821.5,811.575012,818.099976,783.709595,2659456
HDFC,01/06/17,819.5,819.924988,810.275024,814.299988,780.069275,1679770
HDFC,02/06/17,817,823.049988,813.099976,817.125,782.775696,1606772
HDFC,05/06/17,816.849976,819.474976,812.5,817.775024,783.398254,1449950
HDFC,06/06/17,817.5,821.900024,815,819.474976,785.026794,2501316
HDFC,07/06/17,820.200012,822.450012,815.174988,820.400024,785.912903,1277138
HDFC,08/06/17,821.950012,829.700012,820.825012,822.375,787.804871,2124384
HDFC,09/06/17,820.049988,835,820.049988,833.400024,798.366455,2652636
HDFC,12/06/17,832,838,830,834.375,799.300415,1985706
HDFC,13/06/17,830.875,845.950012,830.5,838.349976,803.108276,2525810
HDFC,14/06/17,837.5,839.974976,833.5,835.599976,800.473938,1929180
HDFC,15/06/17,834,837.799988,826.799988,832.174988,797.192932,1763346
HDFC,16/06/17,832.5,837.349976,829.049988,834.625,799.539917,1877552
HDFC,19/06/17,835.5,848,834.200012,846.450012,810.867859,1912766
HDFC,20/06/17,845,847,839.924988,843.275024,807.826355,1830132
HDFC,21/06/17,841.299988,850.625,839.799988,849.349976,813.645935,1705466
HDFC,22/06/17,847.474976,858,845.599976,849,813.31073,3337730
HDFC,23/06/17,851,851.375,837.599976,839.325012,804.042358,2608734
HDFC,27/06/17,844.5,847.5,828.125,833.825012,798.77356,3000216
HDFC,28/06/17,832.5,837.5,828.900024,833.224976,798.19873,2224518
HDFC,29/06/17,833.5,840.950012,825.549988,831.525024,807.227051,4593854
HDFC,30/06/17,826.900024,830,821.5,826.025024,801.887817,2165216
HDFC,03/07/17,826.299988,833.75,823.625,829.299988,805.067078,1752166
HDFC,04/07/17,830.125,833.349976,826,826.674988,802.518738,1883040
HDFC,05/07/17,826.549988,829.75,822.5,824.375,800.286011,2007100
HDFC,06/07/17,826.275024,831.5,825.674988,829.075012,804.848572,2285838
HDFC,07/07/17,830.424988,834.799988,829,833.599976,809.241333,2758698
HDFC,10/07/17,834,874,830.525024,838.174988,813.682739,654626
HDFC,11/07/17,838.775024,845.400024,833.549988,840.200012,815.64856,2205140
HDFC,12/07/17,840,842.5,829.275024,840.625,816.061096,2869446
HDFC,13/07/17,844,846.650024,839.825012,841.775024,817.177551,2240502
HDFC,14/07/17,841.950012,843.025024,836,839.974976,815.430115,1221626
HDFC,17/07/17,841.275024,843.825012,838.5,841.174988,816.595032,1199670
HDFC,18/07/17,839.849976,843.924988,838.674988,841.775024,817.177551,1161094
HDFC,19/07/17,842.5,848.099976,840.924988,846.150024,821.424683,1993622
HDFC,20/07/17,846.950012,857.5,844.075012,855.450012,830.452942,1849238
HDFC,21/07/17,857.049988,857.625,850,851.525024,826.642639,1936754
HDFC,24/07/17,855,870,847.5,867.549988,842.199341,9839088
HDFC,25/07/17,879.5,879.5,866.525024,869.825012,844.407898,5580234
HDFC,26/07/17,871,877.5,866.25,873.775024,848.242493,1947672
HDFC,27/07/17,878,899.400024,875.775024,894.825012,868.677368,8980856
HDFC,28/07/17,886,893.25,880.549988,889.25,863.265259,4627698
HDFC,31/07/17,888.775024,895.5,883.275024,892.200012,866.129089,3684570
HDFC,01/08/17,890.924988,904.575012,886.099976,898.599976,872.342041,4258430
HDFC,02/08/17,903.5,903.5,891.025024,895.825012,869.648132,3698958
HDFC,03/08/17,894,896,887.200012,889.974976,863.968994,2128392
HDFC,04/08/17,888.5,898.375,883.075012,895.125,868.968567,1772534
HDFC,07/08/17,893,898.224976,892.5,894.275024,868.143433,959330
HDFC,08/08/17,896.049988,898.625,883.049988,888.950012,862.97406,2017686
HDFC,09/08/17,885.5,888.525024,879.174988,882.224976,856.445496,1635028
HDFC,10/08/17,880,883,876.424988,880.224976,854.503967,3894222
HDFC,11/08/17,872.5,879,865.575012,874.525024,848.97052,3179918
HDFC,14/08/17,876.5,887.474976,874,878.599976,852.926392,1788542
HDFC,16/08/17,881.174988,894.900024,874.275024,890.625,864.600037,2213416
HDFC,17/08/17,888.125,890.474976,876.875,882.700012,856.906616,2727434
HDFC,18/08/17,880,880.5,871.5,876.075012,850.47522,1853732
HDFC,21/08/17,877,879.5,869.099976,871.599976,846.130981,2004862
HDFC,22/08/17,875.650024,877,868.400024,873.5,847.975525,3304778
HDFC,23/08/17,875,888.974976,875,886.224976,860.328613,1680262
HDFC,24/08/17,887.450012,887.474976,879.575012,881.25,855.499023,3939138
HDFC,28/08/17,881.200012,885.575012,879.174988,881.125,855.377686,753892
HDFC,29/08/17,879.5,879.5,869,873.075012,847.562927,2459298
HDFC,30/08/17,875.974976,885,875.025024,884.275024,858.435669,1347160
HDFC,31/08/17,886,889.924988,878.200012,888.224976,862.270142,3651718
HDFC,01/09/17,890.5,890.724976,880.549988,883.799988,857.974487,1147586
HDFC,04/09/17,882.5,882.5,873.049988,875.450012,849.86853,1821262
HDFC,05/09/17,878.5,882.450012,875.5,877.674988,852.028442,1841218
HDFC,06/09/17,871.875,881.400024,869,879.950012,854.237,2875816
HDFC,07/09/17,880.049988,888.375,880.049988,883.275024,857.464905,3473210
HDFC,08/09/17,886.700012,895,885.5,893.825012,867.706604,4155832
HDFC,11/09/17,896.5,914.5,895.099976,911.674988,885.034973,5738838
HDFC,12/09/17,913.849976,919.950012,909.150024,917.599976,890.786804,3343840
HDFC,13/09/17,917.5,924.5,912,920.924988,894.014648,2497688
HDFC,14/09/17,920.075012,926.25,915.75,919.700012,892.8255,4077008
HDFC,15/09/17,918,925.900024,916.724976,924.474976,897.460938,1883666
HDFC,18/09/17,926.775024,932.224976,926.25,930.224976,903.042908,2042464
HDFC,19/09/17,932.450012,934,923.775024,924.849976,897.825012,2120734
HDFC,20/09/17,924,930.724976,922.625,924.424988,897.412415,1723064
HDFC,21/09/17,924,924.25,915.349976,919.549988,892.679871,3856248
HDFC,22/09/17,917.400024,919.474976,910,912.049988,885.399048,4121762
HDFC,25/09/17,911.224976,911.224976,896.299988,899.875,873.579834,5074614
HDFC,26/09/17,894.525024,898.299988,892.5,896.150024,869.963623,5719366
HDFC,27/09/17,898,902.799988,885,888.25,862.294495,3668610
HDFC,28/09/17,887,899.5,881.650024,897.650024,871.419861,13823232
HDFC,29/09/17,900.049988,911,898.125,902.849976,876.467834,3106816
HDFC,03/10/17,904,910.5,898.549988,904.424988,877.996826,2197212
HDFC,04/10/17,903.950012,905.950012,896.674988,898.5,872.244934,3312552
HDFC,05/10/17,897.5,902.5,896.549988,899.299988,873.021606,1668098
HDFC,06/10/17,899,902.224976,897,900.049988,873.749634,1515330
HDFC,09/10/17,899.400024,901.5,895.25,897.75,871.516846,1531246
HDFC,10/10/17,899.5,907.474976,896.325012,901.349976,875.011658,1899090
HDFC,11/10/17,901.625,907.625,893.799988,895.075012,868.920044,2633720
HDFC,12/10/17,897.549988,910.724976,894,909.400024,882.826477,2690780
HDFC,13/10/17,913.349976,928.275024,911,925.400024,898.358948,3216732
HDFC,16/10/17,930,936.625,921,928.575012,901.441101,1637272
HDFC,17/10/17,925,926.849976,919.549988,925.625,898.577332,1306644
HDFC,18/10/17,920.5,937.5,919.5,934.25,906.950317,1963360
HDFC,19/10/17,930.900024,932.5,920.325012,924.200012,897.194031,285004
HDFC,23/10/17,929.950012,934.849976,918.025024,931.650024,904.42627,2081446
HDFC,24/10/17,931.5,939.799988,926.5,933.549988,906.270691,5664436
HDFC,25/10/17,930,931.5,892.5,897.549988,871.322693,10683604
HDFC,26/10/17,884,905,878.924988,897.674988,871.444092,14285732
HDFC,27/10/17,902.200012,903.75,889.5,895.525024,869.356873,3736044
HDFC,30/10/17,899.125,908,896.200012,907.5,880.981995,2711176
HDFC,31/10/17,905.75,905.75,899.625,904.25,877.826965,2341230
HDFC,01/11/17,907.549988,912.5,906,910.599976,883.991394,2095306
HDFC,02/11/17,911.5,914.900024,908.474976,911.049988,884.428284,2368972
HDFC,03/11/17,912.849976,920,910.799988,915.349976,888.602539,1905244
HDFC,06/11/17,912.5,920,911.299988,914.299988,887.583252,3074122
HDFC,07/11/17,919,922.474976,910.375,911.849976,885.204834,3723188
HDFC,08/11/17,912.599976,916.799988,909.5,912.974976,886.296936,1641572
HDFC,09/11/17,913.5,917.5,910.549988,913.924988,887.219238,1556654
HDFC,10/11/17,910.849976,917.400024,906.174988,911,884.3797,3872180
HDFC,13/11/17,911,911.575012,897.5,906.775024,880.278198,1667936
HDFC,14/11/17,907.950012,909.5,900,901.174988,874.841736,2356234
HDFC,15/11/17,899,901.825012,894,900.125,873.82251,3074184
HDFC,16/11/17,902,908,897.599976,903.849976,877.43866,2006486
HDFC,17/11/17,914.349976,919.150024,906.575012,912.775024,886.102844,3179386
HDFC,20/11/17,914.5,919.849976,914.5,919.075012,892.21875,1196212
HDFC,21/11/17,918.724976,925,918.049988,923.125,896.150391,1137766
HDFC,22/11/17,924.849976,930,922.275024,927.625,900.518921,2830398
HDFC,23/11/17,929.5,930,919,921.424988,894.500061,1616290
HDFC,24/11/17,921.5,928.900024,920.5,925.700012,898.650146,2601842
HDFC,27/11/17,924.5,931,922.799988,928.775024,901.635315,1935236
HDFC,28/11/17,928,935.5,927.924988,932.674988,905.421265,2545270
HDFC,29/11/17,932.5,937.75,927.900024,936.650024,909.280212,1637292
HDFC,30/11/17,934.349976,936.974976,920,926.849976,899.766541,2898156
HDFC,01/12/17,927.450012,930,922.049988,924.099976,897.096924,1929074
HDFC,04/12/17,927.450012,927.450012,915.049988,917.049988,890.25293,1820966
HDFC,05/12/17,913,914.275024,903.5,910.224976,883.627319,1946680
HDFC,06/12/17,909.974976,910.674988,899.5,901.650024,875.302917,3197560
HDFC,07/12/17,903.325012,908.299988,901.549988,904.825012,878.385132,2115652
HDFC,08/12/17,907,926.5,907,920.200012,893.310913,4478200
HDFC,11/12/17,924,925.875,920,923.200012,896.223267,1599116
HDFC,12/12/17,924.549988,924.950012,907.974976,909.950012,883.360352,1205294
HDFC,13/12/17,910.025024,922.5,907.549988,910.674988,884.064209,1453730
HDFC,14/12/17,912,920,906,919.025024,892.170227,1841546
HDFC,15/12/17,928,944,927.75,936.724976,909.352966,6225062
HDFC,18/12/17,927.5,949.5,904.650024,939.474976,912.022583,6148994
HDFC,19/12/17,939.900024,946.825012,938.075012,942.25,914.716553,2476056
HDFC,20/12/17,949.450012,951.549988,931.825012,934.075012,906.780396,4671752
HDFC,21/12/17,939.950012,942.5,932.599976,934.150024,906.853271,3427272
HDFC,22/12/17,939.5,940,930.875,938.325012,910.90625,2235452
HDFC,26/12/17,940.5,941.400024,928.349976,934.174988,906.877441,3392848
HDFC,27/12/17,935.049988,935.150024,925.575012,928.375,901.247009,1744692
HDFC,28/12/17,929.450012,940.450012,929,939.025024,911.585815,4350260
HDFC,29/12/17,938.400024,939.599976,934.075012,936.200012,908.843323,3172936
HDFC,01/01/18,936.349976,940.375,925.25,927.25,900.154846,3290258
HDFC,02/01/18,929.275024,937.5,929.275024,936.174988,908.819031,2388158
HDFC,03/01/18,937.5,939.125,925.599976,926.325012,899.256897,2265644
HDFC,04/01/18,926.5,932.75,926.5,929.950012,902.776001,1186888
HDFC,05/01/18,931.5,934.025024,927.775024,931.799988,904.571899,1435434
HDFC,08/01/18,932.5,935.349976,928.875,930.299988,903.115723,2285154
HDFC,09/01/18,931,934.924988,927.5,931.849976,904.620422,2652764
HDFC,10/01/18,932.599976,933.950012,928.650024,932.099976,904.863098,2307944
HDFC,11/01/18,932.099976,938,928.125,936.275024,908.916199,2029548
HDFC,12/01/18,936.5,939.075012,930,932.650024,905.397034,2168354
HDFC,15/01/18,934.974976,952.200012,929.924988,948.875,921.147949,6288222
HDFC,16/01/18,951.724976,955,942.625,950.075012,922.312927,3222692
HDFC,17/01/18,948.5,951.275024,943.5,945.25,917.628845,1452748
HDFC,18/01/18,962,977,959.025024,967.150024,938.888977,8324770
HDFC,19/01/18,967.575012,979.950012,959.625,976.099976,947.577332,5727994
HDFC,22/01/18,980,994,976.575012,981.674988,952.989502,4424884
HDFC,23/01/18,982.5,983.349976,971.650024,975.650024,947.140564,2523898
HDFC,24/01/18,976.275024,984.5,975.299988,978.825012,950.222839,2395284
HDFC,25/01/18,976.950012,990,975.25,987.474976,958.619995,4361834
HDFC,29/01/18,989,1003.469971,989,999.825012,970.609192,4117946
HDFC,30/01/18,998.900024,1000.950012,992.075012,997.75,968.594788,3198780
HDFC,31/01/18,994.700012,1006.75,993.5,1002.849976,973.545654,3471674
HDFC,01/02/18,1003,1007.5,992.650024,995.575012,966.483276,3260710
HDFC,02/02/18,993,994.950012,970.75,974,945.538757,3673062
HDFC,05/02/18,959,967.625,952.924988,956.924988,928.962708,3963392
HDFC,06/02/18,930,956,918.150024,948.400024,920.68689,5374902
HDFC,07/02/18,953.5,953.5,931.200012,936.400024,909.037537,4182486
HDFC,08/02/18,942,949.299988,933.25,940.474976,912.993347,2585722
HDFC,09/02/18,923.950012,932.349976,922.049988,924.75,897.727905,3204476
HDFC,12/02/18,930,943,927.575012,938.325012,910.90625,2190554
HDFC,14/02/18,944.900024,948.950012,937.325012,941.575012,914.061279,1788594
HDFC,15/02/18,944.849976,947.375,937.5,940.950012,913.454468,2457612
HDFC,16/02/18,941.950012,947.424988,937.825012,939.299988,911.852722,1791760
HDFC,19/02/18,941.299988,943.799988,929.525024,939.099976,911.658569,1827276
HDFC,20/02/18,942.375,942.924988,929.400024,931.599976,904.377747,2042034
HDFC,21/02/18,933.974976,934.275024,926.099976,928.700012,901.5625,1376536
HDFC,22/02/18,925,930,920.775024,926.599976,899.523804,6626798
HDFC,23/02/18,928.450012,942.424988,925.200012,940.275024,912.799255,2038374
HDFC,26/02/18,944.049988,957.400024,941.775024,955.775024,927.846313,2394442
HDFC,27/02/18,957.375,960.875,950,951.275024,923.477844,2393664
HDFC,28/02/18,944.775024,947.724976,939,942.099976,914.570923,2033182
HDFC,01/03/18,939.650024,946.650024,934,937.174988,909.789795,1954920
HDFC,05/03/18,937.075012,939,929.125,934.974976,907.654114,1890732
HDFC,06/03/18,935,939.950012,919.75,923.125,896.150391,2288414
HDFC,07/03/18,920,926.700012,914.25,916.299988,889.524841,2814082
HDFC,08/03/18,919.900024,929.25,916,926.424988,899.353943,2759362
HDFC,09/03/18,927.474976,932.625,922,925.525024,898.480286,2054054
HDFC,12/03/18,930.099976,934.724976,926.700012,933.625,906.343567,3278558
HDFC,13/03/18,933.724976,942.375,927.5,930.125,902.945862,2562100
HDFC,14/03/18,928,933.950012,924,932.25,905.008789,1840196
HDFC,15/03/18,932.599976,943.75,932.599976,940.400024,912.920593,2935462
HDFC,16/03/18,940,940.549988,923.275024,926.5,899.426758,3948168
HDFC,19/03/18,926.5,930,921.575012,923.625,896.635803,3919370
HDFC,20/03/18,922.549988,927.950012,917.625,919.75,892.874023,1828686
HDFC,21/03/18,924,931.599976,921.650024,929.450012,902.290588,2960570
HDFC,22/03/18,929.450012,940,927.549988,933.875,906.586243,3336612
HDFC,23/03/18,923.325012,926.549988,918.625,920.775024,893.86908,3595076
HDFC,26/03/18,919.950012,950,916.75,946.724976,919.06073,5250884
HDFC,27/03/18,946.900024,949.5,938,946.299988,918.648193,3068418
HDFC,28/03/18,941.474976,949.849976,938.025024,943.049988,915.493164,4418754
HDFC,02/04/18,945.25,967.875,945.25,965.599976,937.384155,2298184
HDFC,03/04/18,961.974976,962.849976,955.5,957.950012,929.957764,2039942
HDFC,04/04/18,956.474976,962.474976,939.224976,941.625,914.109802,1857054
HDFC,05/04/18,950.650024,957,945.099976,954.450012,926.560059,2429446
HDFC,06/04/18,956.099976,963.224976,952.900024,961.700012,933.598206,1860004
HDFC,09/04/18,959.400024,971,958.200012,969.525024,941.19458,2001768
HDFC,10/04/18,971.5,971.5,956.75,960.424988,932.360413,3033618
HDFC,11/04/18,957.950012,960,952.700012,959.424988,931.389587,1435406
HDFC,12/04/18,958,966.450012,952.950012,964.400024,936.219299,2356258
HDFC,13/04/18,964,970,959.549988,962.5,934.374817,1648586
HDFC,16/04/18,960,975,959.924988,971.049988,942.674988,1423872
HDFC,17/04/18,971.75,975.5,967.049988,974.25,945.781494,1333916
HDFC,18/04/18,975.5,976.75,965.025024,966.299988,938.063843,1356360
HDFC,19/04/18,970,972.400024,966.5,969.5,941.170288,1584516
HDFC,20/04/18,970.5,980.5,966.075012,977.950012,949.373352,4680690
HDFC,23/04/18,989.5,989.5,930.150024,967.875,939.592773,7652310
HDFC,24/04/18,967.5,974.025024,963,967.5,939.228699,2518708
HDFC,25/04/18,963.950012,969,956,960.375,932.311951,2010296
HDFC,26/04/18,958.400024,969.599976,955.625,965.125,936.923096,3923740
HDFC,27/04/18,966.5,967.75,956.25,961.700012,933.598206,2888504
HDFC,30/04/18,965,977.400024,964.400024,972.150024,943.742859,2304776
HDFC,02/05/18,975,989,973,984.75,955.974731,3550024
HDFC,03/05/18,984.025024,987.450012,973,983.950012,955.197998,2076386
HDFC,04/05/18,985,995,983.150024,994.25,965.197021,3440718
HDFC,07/05/18,990.825012,993.650024,987.5,988.700012,959.809204,2632064
HDFC,08/05/18,989.625,989.950012,977.299988,983.525024,954.7854,3550282
HDFC,09/05/18,978.075012,990.25,978.075012,989.200012,960.294617,2163666
HDFC,10/05/18,994.299988,999.5,991,996.349976,967.235596,3585836
HDFC,11/05/18,996.349976,1008.5,993,1005.880005,976.487183,3028534
HDFC,14/05/18,1008.599976,1013.700012,1006.200012,1010.880005,981.341125,2371458
HDFC,15/05/18,1013.530029,1032.5,1013.349976,1018.900024,989.12677,4913342
HDFC,16/05/18,1015.280029,1024.5,1008.580017,1011.669983,982.107971,3420802
HDFC,17/05/18,1011.919983,1022.219971,1006.25,1013.880005,984.253479,3307738
HDFC,18/05/18,1012.349976,1012.349976,1001.75,1006.080017,976.681396,2608730
HDFC,21/05/18,1008.049988,1010.5,993.025024,996.525024,967.405579,2424054
HDFC,22/05/18,999.349976,1006.969971,992.75,994.950012,965.876587,1980186
HDFC,23/05/18,993.900024,997,981.700012,983.75,955.003845,2863146
HDFC,24/05/18,983.549988,995.125,978.174988,993,963.983582,2260372
HDFC,25/05/18,995,1008,994.950012,1004.349976,975.001892,2379794
HDFC,28/05/18,1003.900024,1026,1003,1021.099976,991.26239,2551970
HDFC,29/05/18,1019,1026.349976,1014.400024,1016.299988,986.602722,1675622
HDFC,30/05/18,1009.849976,1026.5,1008.150024,1024.180054,994.252563,2433498
HDFC,31/05/18,1050,1080,1040,1069.719971,1051.8125,19819596
HDFC,01/06/18,1058,1069,1050.5,1055.300049,1037.633911,10575678
HDFC,04/06/18,1075,1078.5,1018.969971,1023.099976,1005.9729,44398162
HDFC,05/06/18,1025,1033.469971,1011.5,1031.800049,1014.527344,8552730
HDFC,06/06/18,1030.099976,1032.400024,1022.5,1028.680054,1011.459595,4891000
HDFC,07/06/18,1036.599976,1039.900024,1026.599976,1031.099976,1013.838989,5281948
HDFC,08/06/18,1029.5,1030.619995,1017.5,1024.680054,1007.52655,3090444
HDFC,11/06/18,1025.949951,1031.469971,1019.400024,1021.150024,1004.055603,3545594
HDFC,12/06/18,1025.949951,1026.349976,1019.200012,1021.919983,1004.812683,2617128
HDFC,13/06/18,1026,1027.400024,1012.049988,1015.719971,998.716492,3948980
HDFC,14/06/18,1015,1022.5,1012.5,1018.700012,1001.646606,8463788
HDFC,15/06/18,1013,1019.450012,1011.150024,1014.799988,997.81189,5440408
HDFC,18/06/18,1015.049988,1019.400024,1004.549988,1009.580017,992.679321,3743702
HDFC,19/06/18,1012.469971,1020.349976,1009.650024,1011.75,994.812988,5490576
HDFC,20/06/18,1013,1029,1012.5,1028.069946,1010.85968,4525856
HDFC,21/06/18,1030,1035.400024,1023.530029,1028.800049,1011.577576,6755352
HDFC,22/06/18,1028.469971,1044.400024,1024.930054,1041.680054,1024.241943,3924490
HDFC,25/06/18,1041.530029,1048.900024,1036.530029,1047.469971,1029.934937,3496168
HDFC,26/06/18,1043.030029,1051.5,1039.930054,1046.849976,1029.325317,4580966
HDFC,27/06/18,1046.5,1059.75,1045,1056.300049,1038.617188,9563402
HDFC,28/06/18,1057.5,1070,1055.599976,1065.430054,1047.59436,18766770
HDFC,29/06/18,1060.849976,1070,1052.550049,1054.219971,1036.572021,9729060
HDFC,02/07/18,1054.180054,1054.199951,1031.619995,1036.619995,1019.266663,4932438
HDFC,03/07/18,1036.619995,1042.5,1032.800049,1035.099976,1017.772034,3431550
HDFC,04/07/18,1038.119995,1054.030029,1034.5,1051.780029,1034.172974,3048996
HDFC,05/07/18,1052.5,1064.5,1046.280029,1061.880005,1044.10376,4867984
HDFC,06/07/18,1056.650024,1067.780029,1055.680054,1057.569946,1039.865845,4060672
HDFC,09/07/18,1060.930054,1065,1053.880005,1062.819946,1045.027954,3091148
HDFC,10/07/18,1064.949951,1074.800049,1062.5,1073.199951,1055.234253,5475368
HDFC,11/07/18,1072.530029,1077.849976,1067.400024,1074.119995,1056.138916,2928960
HDFC,12/07/18,1076.449951,1089.930054,1076,1082.969971,1064.840698,4010334
HDFC,13/07/18,1084.199951,1095.400024,1081.550049,1090.449951,1072.195435,3580594
HDFC,16/07/18,1089.699951,1095.030029,1081.880005,1084.430054,1066.276245,4508668
HDFC,17/07/18,1081.619995,1090.5,1081.619995,1088.380005,1070.160034,3180962
HDFC,18/07/18,1093.5,1110,1086.819946,1088.099976,1069.884766,8730136
HDFC,19/07/18,1091.5,1096.75,1085.5,1093.050049,1074.752075,2652388
HDFC,20/07/18,1093.050049,1101.430054,1085.550049,1094.530029,1076.207153,5003482
HDFC,23/07/18,1075,1089,1069.030029,1078.219971,1060.170166,8440066
HDFC,24/07/18,1073.5,1084.5,1073.5,1079.880005,1061.80249,2604396
HDFC,25/07/18,1082.319946,1088.400024,1080,1085.180054,1067.013672,3519308
HDFC,26/07/18,1082.5,1101.719971,1082.5,1096.300049,1077.947632,10640546
HDFC,27/07/18,1100.969971,1105.969971,1092.349976,1101.069946,1082.637573,5277298
HDFC,30/07/18,1099.5,1099.5,1079.699951,1084.949951,1066.787598,3584560
HDFC,31/07/18,1080,1092.949951,1075.030029,1089.75,1071.507202,4430472
HDFC,01/08/18,1081.400024,1087.5,1075.849976,1079.349976,1061.28125,3035780
HDFC,02/08/18,1076.75,1076.849976,1060.680054,1065.099976,1047.269897,4452852
HDFC,03/08/18,1066.780029,1073.530029,1057,1060.819946,1043.061523,6802004
HDFC,06/08/18,1060.5,1068.699951,1053.050049,1057.150024,1039.453003,2872316
HDFC,07/08/18,1062.5,1067.25,1054,1065.449951,1047.613892,3714228
HDFC,08/08/18,1067.930054,1075.900024,1066.530029,1068.180054,1050.29834,4972690
HDFC,09/08/18,1071,1071,1047.319946,1059.25,1041.517822,4472204
HDFC,10/08/18,1061.75,1061.900024,1049,1057.219971,1039.521729,2721470
HDFC,13/08/18,1042,1051.969971,1040,1045.819946,1028.312622,5027126
HDFC,14/08/18,1049,1052.5,1043.599976,1044.550049,1027.063843,2467982
HDFC,16/08/18,1041.5,1043.349976,1033.199951,1037.849976,1020.475952,5312580
HDFC,17/08/18,1041.449951,1046.530029,1035.819946,1038.680054,1021.292175,3032664
HDFC,20/08/18,1037.5,1053.800049,1037.5,1048.099976,1030.554443,3905568
HDFC,21/08/18,1049,1056,1046.319946,1048.030029,1030.485596,3888160
HDFC,23/08/18,1052.5,1053.5,1038.430054,1039.949951,1022.540833,6287276
HDFC,24/08/18,1035.5,1046.800049,1033.030029,1034.930054,1017.60498,4857314
HDFC,27/08/18,1038.5,1044.25,1035.119995,1040.219971,1022.806274,6287394
HDFC,28/08/18,1044,1049.119995,1039.400024,1047.430054,1029.895752,4986766
HDFC,29/08/18,1046.069946,1047.030029,1036.380005,1039.25,1021.852661,4936846
HDFC,30/08/18,1041.800049,1043.949951,1030.930054,1033.050049,1015.756409,10913730
HDFC,31/08/18,1034.599976,1039.380005,1029.119995,1030.599976,1013.347351,7885750
HDFC,03/09/18,1034.699951,1039.469971,1031.75,1037.530029,1020.161438,3830804
HDFC,04/09/18,1038.449951,1038.969971,1024.5,1025.900024,1008.726074,3565268
HDFC,05/09/18,1026.900024,1030.099976,1017.780029,1022.919983,1005.795959,2820754
HDFC,06/09/18,1024.5,1029.5,1016.299988,1026.099976,1008.922729,5201206
HDFC,07/09/18,1025.5,1030,1020.380005,1028.469971,1011.252991,2959650
HDFC,10/09/18,1027.5,1027.5,1012.549988,1020.580017,1003.495117,4299296
HDFC,11/09/18,1023.150024,1024,997.075012,1000.200012,983.456299,9093268
HDFC,12/09/18,1000.950012,1010.669983,994.775024,1005.919983,989.080566,6123004
HDFC,14/09/18,1009.919983,1018.700012,1009.469971,1014.799988,997.81189,5167336
HDFC,17/09/18,1010.650024,1011.469971,994,996.099976,979.424927,4669110
HDFC,18/09/18,997.450012,1004.919983,990.474976,994.599976,977.950012,4662868
HDFC,19/09/18,997.424988,999,978.25,980.674988,964.258118,8356132
HDFC,21/09/18,986.950012,999.924988,955.099976,985.125,968.633667,11305074
HDFC,24/09/18,983.625,986.099976,957.5,962.849976,946.731506,6695396
HDFC,25/09/18,962.849976,981,957.5,976.200012,959.858093,8341276
HDFC,26/09/18,981.474976,989,977.650024,984.099976,967.625793,7363362
HDFC,27/09/18,984.700012,993,977.575012,988.075012,971.534302,9176104
HDFC,28/09/18,990.325012,1007.719971,988.575012,1003.030029,986.238953,7230358
HDFC,01/10/18,1004.900024,1021,998.900024,1017.719971,1000.682983,6224794
HDFC,03/10/18,1015.219971,1026.099976,1003.5,1015.580017,998.578857,7666074
HDFC,04/10/18,1004,1008.900024,971.5,978.875,962.488281,8985292
HDFC,05/10/18,976.974976,995,970.075012,982.650024,966.200134,7864590
HDFC,08/10/18,982.5,984.5,965,972.5,956.220032,10064010
HDFC,09/10/18,972.200012,982.5,965,970.299988,954.056824,6229682
HDFC,10/10/18,972.5,991.125,967.75,983.575012,967.109619,7969966
HDFC,11/10/18,962.5,974.150024,958.799988,968.775024,952.557373,7179952
HDFC,12/10/18,972.5,998.549988,971,990.924988,974.336548,4800160
HDFC,15/10/18,995,1005.400024,985.150024,1004.030029,987.222229,6292984
HDFC,16/10/18,1001.5,1009.099976,993.75,996.375,979.695374,4703002
HDFC,17/10/18,1003.049988,1006.5,981.75,987.299988,970.772217,3970398
HDFC,19/10/18,979.450012,990.424988,979,983.875,967.404602,4933674
HDFC,22/10/18,1007,1010,994.299988,999.450012,982.718872,10165580
HDFC,23/10/18,986.5,999.450012,986.5,992.424988,975.811462,9714282
HDFC,24/10/18,1002,1004.400024,986.299988,996.125,979.449524,9036168
HDFC,25/10/18,986.799988,1001.799988,981.224976,984.400024,967.920776,14923528
HDFC,26/10/18,984.400024,988.599976,974.5,980.599976,964.184387,7577856
HDFC,29/10/18,982.049988,982.474976,947.599976,963.150024,947.026611,8522140
HDFC,30/10/18,962.5,966,949.650024,956.375,940.364929,6914352
HDFC,31/10/18,951.025024,958.950012,942.5,955.875,939.873291,11724702
HDFC,01/11/18,965,965,948,956.099976,940.094543,9814526
HDFC,02/11/18,963,980,956,974.724976,958.407776,15046434
HDFC,05/11/18,974.950012,979.825012,969,978,961.62793,2852648
HDFC,06/11/18,977.5,988,971.474976,973.275024,956.982056,4242794
HDFC,07/11/18,980.5,982.474976,975,978.974976,962.586548,479380
HDFC,09/11/18,979.099976,979.950012,968.150024,972.700012,956.416687,5050810
HDFC,12/11/18,975.75,981,958.575012,960.525024,944.445496,3953882
HDFC,13/11/18,959.5,968.849976,954.099976,963.875,947.73938,6675210
HDFC,14/11/18,969.275024,980,968.299988,978.875,962.488281,13055318
HDFC,15/11/18,980.950012,988.650024,965.599976,987.575012,971.042664,5196262
HDFC,16/11/18,990.5,1006.5,990,1002.150024,985.373718,7906608
HDFC,19/11/18,1005.5,1010.5,1000.950012,1006.950012,990.093323,6143214
HDFC,20/11/18,1006.5,1009.799988,999.525024,1006.219971,989.375488,2852584
HDFC,21/11/18,1006.380005,1011.969971,1002,1009.380005,992.482605,3272802
HDFC,22/11/18,1006.619995,1017.5,1000.080017,1002.75,985.963623,6487276
HDFC,26/11/18,1006.950012,1026,1006.030029,1024.900024,1007.742859,9092218
HDFC,27/11/18,1020.530029,1033.949951,1020.380005,1032,1014.723999,6447720
HDFC,28/11/18,1032.5,1049.300049,1030.050049,1044.619995,1027.13269,6510554
HDFC,29/11/18,1050.5,1068.699951,1047,1065.530029,1047.692627,15954318
HDFC,30/11/18,1065,1068.780029,1055,1064.219971,1046.404663,6520462
HDFC,03/12/18,1065.5,1071,1053.449951,1056.650024,1038.961426,5399928
HDFC,04/12/18,1052.699951,1055.5,1039.300049,1042.780029,1025.323486,4078710
HDFC,05/12/18,1039,1052.650024,1037.969971,1049.599976,1032.029297,5899422
HDFC,06/12/18,1044.849976,1050.819946,1042.5,1048.530029,1030.977173,5865126
HDFC,07/12/18,1053.349976,1059,1040.150024,1053.800049,1036.159058,4951960
HDFC,10/12/18,1032.949951,1052.400024,1032.949951,1044.380005,1026.896606,5457528
HDFC,11/12/18,1028,1035.650024,1016,1029.780029,1012.541138,9452890
HDFC,12/12/18,1033.469971,1044.900024,1030.050049,1042.650024,1025.195801,5685244
HDFC,13/12/18,1047.5,1062.5,1045.650024,1050.650024,1033.061768,3532118
HDFC,14/12/18,1052.449951,1059,1044.030029,1047.849976,1030.308594,3079142
HDFC,17/12/18,1052,1066.300049,1049.5,1065.099976,1047.269897,4218662
HDFC,18/12/18,1062,1069.5,1051.300049,1067.719971,1049.845947,3706984
HDFC,19/12/18,1066.550049,1079.699951,1056.780029,1061.719971,1043.946411,4504948
HDFC,20/12/18,1056.280029,1070.219971,1051.319946,1068.719971,1050.829224,3990238
HDFC,21/12/18,1067,1074.550049,1054.530029,1055.569946,1037.899292,5110154
HDFC,24/12/18,1052,1052,1038.680054,1040.319946,1022.904602,2800744
HDFC,26/12/18,1038.5,1063.5,1034.5,1061.180054,1043.415527,3800958
HDFC,27/12/18,1066.5,1069.099976,1049.219971,1052.530029,1034.9104,5819934
HDFC,28/12/18,1058.680054,1068.880005,1057.75,1061.449951,1043.680908,4707806
HDFC,31/12/18,1068.5,1068.5,1058.349976,1060.849976,1043.091064,2933264
HDFC,01/01/19,1063.819946,1075.5,1052.800049,1074.050049,1056.070068,3186720
HDFC,02/01/19,1071.400024,1073.75,1059.849976,1064.25,1046.434082,4067116
HDFC,03/01/19,1062.099976,1064.119995,1051.5,1055.900024,1038.223877,6385832
HDFC,04/01/19,1057.619995,1064.25,1055.180054,1058.719971,1040.996582,3643560
HDFC,07/01/19,1063.849976,1067.680054,1059,1060.319946,1042.569824,2693506
HDFC,08/01/19,1061,1061.75,1048.319946,1051.5,1033.897583,4171730
HDFC,09/01/19,1059,1060.680054,1051.300049,1058.400024,1040.682129,4284314
HDFC,10/01/19,1058.5,1061.900024,1046.319946,1054.25,1036.601563,3845770
HDFC,11/01/19,1056.900024,1062,1054,1055.949951,1038.273071,3204020
HDFC,14/01/19,1054.949951,1054.949951,1049.219971,1050.819946,1033.228882,2427580
HDFC,15/01/19,1052.530029,1063.25,1051,1060.949951,1043.189331,2543778
HDFC,16/01/19,1060.030029,1062.5,1054.119995,1060.099976,1042.353638,2626226
HDFC,17/01/19,1062.619995,1067.949951,1056.680054,1066.150024,1048.302246,4120114
HDFC,18/01/19,1067.5,1069.5,1057.280029,1065.119995,1047.289429,2603988
HDFC,21/01/19,1069.969971,1083.25,1063.25,1074.069946,1056.089722,8780756
HDFC,22/01/19,1073,1073.400024,1064.530029,1067.930054,1050.05249,4398488
HDFC,23/01/19,1067,1067.930054,1050.719971,1052.699951,1035.077271,3812144
HDFC,24/01/19,1055,1060.819946,1048.949951,1051.119995,1033.523804,5055786
HDFC,25/01/19,1046.5,1055,1045,1048,1030.456055,5631118
HDFC,28/01/19,1045,1051.030029,1038.380005,1042.069946,1024.625244,7680218
HDFC,29/01/19,1039.119995,1041.5,1026.5,1028.800049,1011.577576,7381394
HDFC,30/01/19,1028.619995,1028.619995,1014,1017.349976,1000.319153,9257080
HDFC,31/01/19,1015.5,1044.880005,1011,1039.969971,1022.560547,8289702
HDFC,01/02/19,1039.969971,1058.5,1038.300049,1045.219971,1027.722534,7827094
HDFC,04/02/19,1047.5,1056.5,1041.319946,1052.449951,1034.831543,3969144
HDFC,05/02/19,1054,1059.5,1048.5,1057.030029,1039.334961,4345144
HDFC,06/02/19,1058.119995,1063.5,1056.800049,1061.319946,1043.553101,5437842
HDFC,07/02/19,1062.530029,1065,1052.930054,1058.619995,1040.898315,3608654
HDFC,08/02/19,1056,1072.469971,1053.319946,1061.319946,1043.553101,6117822
HDFC,11/02/19,1056.650024,1071.449951,1056.650024,1069.819946,1051.910767,3518182
HDFC,12/02/19,1069,1074,1062.400024,1064.849976,1047.024048,4886194
HDFC,14/02/19,1070,1070,1052.800049,1055.099976,1037.437256,3720694
HDFC,15/02/19,1053.680054,1054.050049,1039.099976,1050.319946,1032.737183,4208262
HDFC,18/02/19,1053.400024,1059,1043,1044.949951,1027.457153,3569372
HDFC,19/02/19,1044.849976,1054.069946,1039.099976,1042.030029,1024.58606,2634318
HDFC,20/02/19,1044.25,1055.5,1040.949951,1054.180054,1036.532715,2446250
HDFC,21/02/19,1050.849976,1059.969971,1046.800049,1057.949951,1040.239502,2630772
HDFC,22/02/19,1059.699951,1064.050049,1044.550049,1045.719971,1028.214233,4445354
HDFC,25/02/19,1047.569946,1064.969971,1047.569946,1062.699951,1044.909912,4070298
HDFC,26/02/19,1055.619995,1062.5,1050.550049,1055.319946,1037.653442,4803714
HDFC,27/02/19,1058.050049,1062.219971,1044.069946,1046.119995,1028.607544,3515046
HDFC,28/02/19,1046.550049,1052.930054,1036.599976,1038.780029,1021.390442,5822688
HDFC,01/03/19,1043.119995,1050.449951,1038.5,1041.680054,1024.241943,4676464
HDFC,05/03/19,1044.449951,1055.550049,1035,1053.550049,1035.913208,5918638
HDFC,06/03/19,1055,1055.150024,1045.280029,1052.119995,1034.50708,4229022
HDFC,07/03/19,1054.800049,1065,1047.5,1063.25,1045.450806,5102426
HDFC,08/03/19,1057.530029,1065,1054.719971,1064.099976,1046.286621,3526730
HDFC,11/03/19,1066,1071.849976,1061.099976,1064.219971,1046.404663,4612054
HDFC,12/03/19,1073.5,1087.5,1068.5,1085.5,1067.328369,7548646
HDFC,13/03/19,1087.5,1117,1086.050049,1113.280029,1094.643311,28583174
HDFC,14/03/19,1122.430054,1123.75,1105.300049,1112.380005,1093.758423,7689932
HDFC,15/03/19,1115.5,1129.949951,1114.030029,1126.5,1107.64209,6381544
HDFC,18/03/19,1130.949951,1145.819946,1123.5,1130.719971,1111.791382,7179360
HDFC,19/03/19,1134.75,1137.949951,1125.5,1133.880005,1114.898438,5978996
HDFC,20/03/19,1134.5,1150,1130.530029,1149.5,1130.256958,5855996
HDFC,22/03/19,1150,1153.5,1135.400024,1138.069946,1119.018311,15201940
HDFC,25/03/19,1130,1143.930054,1126.5,1140.650024,1121.555176,4599630
HDFC,26/03/19,1137.949951,1157.5,1136.300049,1155.680054,1136.333496,5893424
HDFC,27/03/19,1159.280029,1164.030029,1139.530029,1149.719971,1130.473267,6942650
HDFC,28/03/19,1149.400024,1162.5,1143.930054,1151.400024,1132.125244,9777164
HDFC,01/04/19,1162.619995,1166,1152.300049,1155.900024,1136.549805,4823538
HDFC,02/04/19,1160,1160,1142.719971,1147.430054,1128.22168,5455248
HDFC,03/04/19,1146.050049,1158,1144.119995,1146.380005,1127.189209,3829726
HDFC,04/04/19,1146.380005,1156.5,1140,1141.969971,1122.853027,4605776
HDFC,05/04/19,1143.900024,1156.880005,1141,1152.800049,1133.501831,4175590
HDFC,08/04/19,1159.5,1161.469971,1140.050049,1144.699951,1125.537354,3199066
HDFC,09/04/19,1148.300049,1151.5,1133.5,1143.619995,1124.475342,5388800
HDFC,10/04/19,1125,1142,1115.5,1118.680054,1099.953003,54064350
HDFC,11/04/19,1122.449951,1131.5,1118.469971,1128.75,1109.85437,4396650
HDFC,12/04/19,1126.050049,1136.099976,1126.050049,1132.619995,1113.659546,4585222
HDFC,15/04/19,1135,1146.449951,1132.180054,1144.400024,1125.24231,5109890
HDFC,16/04/19,1145.469971,1154.949951,1140.150024,1152.530029,1133.236206,4136888
HDFC,18/04/19,1156.5,1157.530029,1144,1146.819946,1127.621704,5307428
HDFC,22/04/19,1162.5,1162.5,1130.5,1134.349976,1115.360596,10490210
HDFC,23/04/19,1138.780029,1145,1120.800049,1122.650024,1103.856445,7641200
HDFC,24/04/19,1125,1141.949951,1123.530029,1139.880005,1120.797974,6177064
HDFC,25/04/19,1143.449951,1149.400024,1128.969971,1131.719971,1112.774536,9043318
HDFC,26/04/19,1132.949951,1142.5,1128.449951,1140.469971,1121.378174,5853784
HDFC,30/04/19,1142.5,1160,1139.199951,1158.719971,1139.322632,6268418
HDFC,02/05/19,1161.75,1179.819946,1158.75,1177.900024,1158.181641,8584650
HDFC,03/05/19,1182.099976,1189,1178.25,1183.969971,1164.149902,6175760
HDFC,06/05/19,1174,1175.949951,1158.530029,1164.219971,1144.730469,6874046
HDFC,07/05/19,1175.949951,1179,1159,1161.180054,1141.741455,4962102
HDFC,08/05/19,1161.280029,1161.900024,1144,1153.619995,1134.307983,6032104
HDFC,09/05/19,1150,1150,1135.800049,1145.449951,1126.27478,4513862
HDFC,10/05/19,1145.680054,1162.449951,1145.680054,1148.25,1129.027832,5297100
HDFC,13/05/19,1148.030029,1156.680054,1140,1143.599976,1124.455688,5535816
HDFC,14/05/19,1148.349976,1155.5,1137.780029,1143.949951,1124.799927,5247372
HDFC,15/05/19,1148,1153.599976,1141.099976,1143.349976,1124.209839,4478174
HDFC,16/05/19,1140.280029,1159.5,1140,1155.319946,1135.979492,4025068
HDFC,17/05/19,1156.5,1184.650024,1155.800049,1181.050049,1161.278809,7379390
HDFC,20/05/19,1204,1219.349976,1190,1216.180054,1195.820801,8849816
HDFC,21/05/19,1219,1224.699951,1199.719971,1201.849976,1181.730591,5162588
HDFC,22/05/19,1205.930054,1213,1197.119995,1202.880005,1182.743408,5693330
HDFC,23/05/19,1204.5,1219.949951,1159.550049,1166.050049,1146.529907,16540998
HDFC,24/05/19,1179.849976,1193.069946,1170.069946,1186.680054,1166.814575,6846400
HDFC,27/05/19,1189.449951,1210.949951,1186.119995,1204.180054,1184.021606,6024512
HDFC,28/05/19,1208.25,1210,1193.530029,1208.099976,1187.875977,3682420
HDFC,29/05/19,1205.099976,1215.400024,1205.099976,1208.449951,1188.220093,3737608
HDFC,30/05/19,1208,1223.949951,1206.530029,1219.780029,1199.360474,4679600
HDFC,31/05/19,1228.400024,1232.5,1178.400024,1212.680054,1192.379395,9892540
HDFC,03/06/19,1213.5,1229.900024,1212.469971,1228.550049,1207.983765,4240430
HDFC,04/06/19,1227.5,1232.880005,1220.530029,1226.150024,1205.623901,3221494
HDFC,06/06/19,1226.599976,1235,1206.680054,1211.680054,1191.396118,7817462
HDFC,07/06/19,1212.819946,1227.119995,1204.5,1223.819946,1203.332764,3985466
HDFC,10/06/19,1234.969971,1234.969971,1216.050049,1220.099976,1199.675049,3538570
HDFC,11/06/19,1225.75,1229.949951,1220.180054,1224.199951,1203.706421,3551646
HDFC,12/06/19,1222.5,1224.199951,1211.819946,1213.530029,1193.215088,3654310
HDFC,13/06/19,1217.969971,1226,1207.969971,1222.349976,1201.887329,5553974
HDFC,14/06/19,1221.469971,1229.469971,1212.5,1217.550049,1197.167847,5978460
HDFC,17/06/19,1217.5,1219.949951,1208.650024,1211,1190.727417,6405010
HDFC,18/06/19,1209,1216,1202,1208.619995,1188.387329,6209826
HDFC,19/06/19,1213.5,1222.449951,1208.349976,1214.180054,1193.854248,5372138
HDFC,20/06/19,1214.180054,1218.5,1207.300049,1213.180054,1207.792114,5585746
HDFC,21/06/19,1213,1214.849976,1202.819946,1207.099976,1201.739014,6625130
HDFC,24/06/19,1205.969971,1215.300049,1205,1208.969971,1203.600708,3457500
HDFC,25/06/19,1209.930054,1220.75,1201.5,1214.349976,1208.956787,4449900
HDFC,26/06/19,1212.349976,1235,1211,1233.949951,1228.469727,5266818
HDFC,27/06/19,1234.380005,1247.25,1228.069946,1231.150024,1225.682251,9939618
HDFC,28/06/19,1232,1237.5,1218.530029,1221.880005,1216.453369,6378422
HDFC,01/07/19,1228,1244.5,1225.030029,1242.780029,1237.26062,4262080
HDFC,02/07/19,1244,1248.75,1233.599976,1247.5,1241.959595,3623414
HDFC,03/07/19,1249.5,1251.650024,1241.5,1244.819946,1239.291504,3731628
HDFC,04/07/19,1247.400024,1248.949951,1236,1241.900024,1236.384521,3996982
HDFC,05/07/19,1242.550049,1247.469971,1230,1236.199951,1230.709717,3791530
HDFC,08/07/19,1237.280029,1237.300049,1198.530029,1204.800049,1199.449341,7303570
HDFC,09/07/19,1201.930054,1205.400024,1186.5,1189.569946,1184.286865,8241344
HDFC,10/07/19,1189.380005,1199,1183.119995,1194.380005,1189.075562,5784574
HDFC,11/07/19,1201.5,1207,1197.819946,1203.569946,1198.224609,4548798
HDFC,12/07/19,1209,1209,1192.530029,1196.949951,1191.634033,4488136
HDFC,15/07/19,1198,1201.5,1188.680054,1197.380005,1192.062256,4116592
HDFC,16/07/19,1209,1209,1191,1195.599976,1190.290039,6385284
HDFC,17/07/19,1196.469971,1205.800049,1195.650024,1198.719971,1193.39624,3879868
HDFC,18/07/19,1201.5,1214.5,1200.949951,1205.949951,1200.594116,5401292
HDFC,19/07/19,1207.5,1210.349976,1183.5,1187.819946,1182.544556,4469614
HDFC,22/07/19,1172.5,1174.930054,1140.619995,1148.619995,1143.518799,11085648
HDFC,23/07/19,1147.25,1147.25,1121.030029,1131.75,1126.723633,13901432
HDFC,24/07/19,1128.380005,1146.5,1125.5,1140.449951,1135.38501,8681870
HDFC,25/07/19,1142.5,1157.719971,1140.119995,1143.030029,1137.953613,9731004
HDFC,26/07/19,1139.099976,1146.819946,1136.430054,1138.650024,1133.593018,6414914
HDFC,29/07/19,1136.780029,1136.780029,1111.530029,1122.150024,1117.166382,4988246
HDFC,30/07/19,1127.5,1135.599976,1119.949951,1126.119995,1121.118652,5197068
HDFC,31/07/19,1120,1133.5,1117.119995,1125.819946,1120.819946,6945920
HDFC,01/08/19,1114.550049,1120,1098.5,1110.900024,1110.900024,9120838
HDFC,02/08/19,1105.5,1112,1091,1107.180054,1107.180054,13912768
HDFC,05/08/19,1098.530029,1100,1081.25,1089.619995,1089.619995,9911220
HDFC,06/08/19,1083.5,1105.119995,1083.5,1094.550049,1094.550049,12445470
HDFC,07/08/19,1095,1101,1082.5,1092,1092,9375068
HDFC,08/08/19,1099,1121.5,1091.5,1116.569946,1116.569946,9855800
HDFC,09/08/19,1123.5,1144.5,1119.900024,1141,1141,15218056
HDFC,13/08/19,1136.650024,1136.650024,1101.300049,1110.180054,1110.180054,7720034
HDFC,14/08/19,1117.699951,1117.699951,1101.530029,1114.719971,1114.719971,7127026
HDFC,16/08/19,1107,1116.5,1102.050049,1113.849976,1113.849976,7623780
HDFC,19/08/19,1119.25,1121,1100.849976,1103.430054,1103.430054,4249100
HDFC,20/08/19,1104.619995,1113.900024,1103.430054,1110.300049,1110.300049,5135296
HDFC,21/08/19,1112.449951,1120.599976,1107.099976,1112.930054,1112.930054,5236356
HDFC,22/08/19,1110.430054,1110.430054,1083.530029,1087.050049,1087.050049,6996022
HDFC,23/08/19,1080.5,1088.5,1069.800049,1081.349976,1081.349976,10049808
HDFC,26/08/19,1097.449951,1133.069946,1083.5,1128.069946,1128.069946,12640122
HDFC,27/08/19,1128,1136.449951,1120.050049,1129.969971,1129.969971,10330416
HDFC,28/08/19,1125,1128.680054,1113.180054,1123.75,1123.75,6831294
HDFC,29/08/19,1123,1126.849976,1110.150024,1113.469971,1113.469971,7391858
HDFC,30/08/19,1116.75,1130,1111,1113.969971,1113.969971,9616660
HDFC,03/09/19,1110,1110.5,1098.069946,1105.469971,1105.469971,5714338
HDFC,04/09/19,1103.5,1137,1099.5,1123.880005,1123.880005,7530352
HDFC,05/09/19,1124.5,1136.199951,1112.5,1117.569946,1117.569946,8648126
HDFC,06/09/19,1114,1128.300049,1110.650024,1122.949951,1122.949951,6435002
HDFC,09/09/19,1123,1130.449951,1108.050049,1124.800049,1124.800049,5321702
HDFC,11/09/19,1137,1137,1120.569946,1125.650024,1125.650024,7604558
HDFC,12/09/19,1125.349976,1144.400024,1124.069946,1135.430054,1135.430054,9066150
HDFC,13/09/19,1125.5,1133.719971,1119,1128.719971,1128.719971,7685670
HDFC,16/09/19,1125.949951,1131.319946,1120.5,1122.069946,1122.069946,5515092
HDFC,17/09/19,1123.949951,1124.25,1099.050049,1105.680054,1105.680054,5328278
HDFC,18/09/19,1108.650024,1112.069946,1090,1093.880005,1093.880005,6479942
HDFC,19/09/19,1099.900024,1107.050049,1084,1101.050049,1101.050049,5311620
HDFC,20/09/19,1108,1209.900024,1105.400024,1199.599976,1199.599976,23075017
HDFC,23/09/19,1259.550049,1282.699951,1229,1257.25,1257.25,20960205
HDFC,24/09/19,1250,1261.949951,1227.550049,1253.800049,1253.800049,11689524
HDFC,25/09/19,1249.900024,1249.900024,1230.099976,1239.699951,1239.699951,7804488
HDFC,26/09/19,1239.800049,1275,1236.349976,1242.5,1242.5,15335780
HDFC,27/09/19,1248.25,1253.5,1237.599976,1244.199951,1244.199951,7436585
HDFC,30/09/19,1228.800049,1240,1216.5,1227.449951,1227.449951,9109229
HDFC,01/10/19,1231.5,1255,1221.099976,1248.800049,1248.800049,9384176
HDFC,03/10/19,1239.949951,1243.800049,1216.349976,1223.550049,1223.550049,8149438
HDFC,04/10/19,1236.650024,1239.599976,1185.300049,1189.699951,1189.699951,9201816
HDFC,07/10/19,1201.199951,1219.849976,1181.150024,1186.900024,1186.900024,11256610
HDFC,09/10/19,1197.099976,1229.900024,1190,1228.150024,1228.150024,8713635
HDFC,10/10/19,1221.800049,1225.949951,1197.199951,1200.550049,1200.550049,5778429
HDFC,11/10/19,1213.400024,1224,1188.949951,1198.800049,1198.800049,8593159
HDFC,14/10/19,1209,1219.900024,1197.400024,1204.400024,1204.400024,6133901
HDFC,15/10/19,1207,1225,1206.849976,1223.050049,1223.050049,4200187
HDFC,16/10/19,1231.650024,1235,1210.099976,1221.099976,1221.099976,5293408
HDFC,17/10/19,1227.5,1229.849976,1213.099976,1220,1220,6121807
HDFC,18/10/19,1225.449951,1233.849976,1220.349976,1229,1229,5616903
HDFC,22/10/19,1257,1257,1232.599976,1239.300049,1239.300049,10003114
HDFC,23/10/19,1246.849976,1249.75,1233,1241.599976,1241.599976,5095107
HDFC,24/10/19,1248,1254.150024,1226.349976,1236.099976,1236.099976,6553747
HDFC,25/10/19,1240,1246.849976,1220,1229,1229,6496771
HDFC,27/10/19,1239.949951,1241.900024,1235,1237.699951,1237.699951,875041
HDFC,29/10/19,1238,1257.349976,1237.699951,1242.5,1242.5,7116284
HDFC,30/10/19,1246.900024,1262.699951,1243,1248.349976,1248.349976,6005683
HDFC,31/10/19,1257.699951,1263.900024,1227.099976,1230.349976,1230.349976,6608853