Stock Name,Date,Open,High,Low,Close,Adj Close,Volume
infosys,10/01/14,7.22875,7.465,7.1875,7.4375,4.370994,37150400
infosys,13/01/14,7.49875,7.5625,7.4225,7.42625,4.364383,14360000
infosys,14/01/14,7.5125,7.5775,7.4425,7.56625,4.446661,10294400
infosys,15/01/14,7.56875,7.6175,7.48625,7.49875,4.406991,13068800
infosys,16/01/14,7.5725,7.59375,7.5525,7.5875,4.459149,17083200
infosys,17/01/14,7.56625,7.59625,7.50125,7.535,4.428296,13811200
infosys,21/01/14,7.58,7.6775,7.5025,7.56625,4.446661,19728800
infosys,22/01/14,7.615,7.7075,7.58875,7.68625,4.517184,14012800
infosys,23/01/14,7.655,7.69375,7.605,7.65,4.495881,11423200
infosys,24/01/14,7.5425,7.57625,7.44125,7.44125,4.373199,10792000
infosys,27/01/14,7.415,7.5875,7.26875,7.275,4.275494,23970400
infosys,28/01/14,7.33125,7.33125,7.245,7.25625,4.264475,12771200
infosys,29/01/14,7.335,7.355,7.2725,7.29375,4.286513,8564000
infosys,30/01/14,7.37875,7.415,7.33875,7.4075,4.353363,13820800
infosys,31/01/14,7.32125,7.33875,7.28125,7.3225,4.30341,11567200
infosys,03/02/14,7.26625,7.31875,7.0625,7.0675,4.153547,11980000
infosys,04/02/14,7.135,7.16375,7.0675,7.135,4.193217,18484800
infosys,05/02/14,7.10875,7.13125,6.97375,7.06625,4.152812,13189600
infosys,06/02/14,7.095,7.205,7.095,7.19,4.22554,5262400
infosys,07/02/14,7.17375,7.225,7.1725,7.20875,4.236558,5200800
infosys,10/02/14,7.16,7.24875,7.14375,7.19,4.22554,7018400
infosys,11/02/14,7.23875,7.33125,7.175,7.32,4.301941,10934400
infosys,12/02/14,7.325,7.35,7.2675,7.305,4.293126,6675200
infosys,13/02/14,7.1825,7.31875,7.18125,7.2975,4.288718,5167200
infosys,14/02/14,7.31625,7.4425,7.31125,7.4125,4.356303,6390400
infosys,18/02/14,7.45375,7.52125,7.42125,7.48375,4.398176,8436800
infosys,19/02/14,7.535,7.595,7.47625,7.49,4.401849,7454400
infosys,20/02/14,7.4875,7.6075,7.46625,7.605,4.469434,9648800
infosys,21/02/14,7.605,7.65625,7.56,7.60125,4.46723,6875200
infosys,24/02/14,7.60375,7.6625,7.58125,7.63125,4.484861,7248000
infosys,25/02/14,7.63125,7.6525,7.57,7.595,4.463557,5740000
infosys,26/02/14,7.65,7.6875,7.61875,7.65,4.495881,7461600
infosys,27/02/14,7.67375,7.71,7.64,7.70875,4.530407,4420000
infosys,28/02/14,7.69875,7.76625,7.66625,7.70875,4.530407,7017600
infosys,03/03/14,7.58875,7.58875,7.47,7.49125,4.402584,9490400
infosys,04/03/14,7.63875,7.74625,7.62625,7.73375,4.5451,10450400
infosys,05/03/14,7.71875,7.8625,7.7075,7.815,4.592851,7782400
infosys,06/03/14,7.8725,7.9,7.8125,7.87625,4.628847,9571200
infosys,07/03/14,7.6575,7.69875,7.52375,7.54625,4.434906,13750400
infosys,10/03/14,7.48875,7.48875,7.38375,7.45625,4.382014,8270400
infosys,11/03/14,7.505,7.56875,7.44125,7.45375,4.380545,6847200
infosys,12/03/14,7.36375,7.375,6.76375,7.00125,4.114612,46184800
infosys,13/03/14,6.83,6.895,6.66,6.8125,4.003684,24242400
infosys,14/03/14,6.87375,6.9375,6.85375,6.86875,4.036742,15124800
infosys,17/03/14,6.9075,6.945,6.83125,6.87875,4.042619,9056000
infosys,18/03/14,6.84,6.89875,6.7975,6.86375,4.033804,8520800
infosys,19/03/14,6.66375,6.80875,6.64875,6.73,3.955199,16415200
infosys,20/03/14,6.7275,6.8925,6.70625,6.8275,4.0125,12100800
infosys,21/03/14,6.82,6.83375,6.72125,6.7325,3.956669,11856800
infosys,24/03/14,6.73875,6.76875,6.615,6.665,3.916999,9032000
infosys,25/03/14,6.72,6.74875,6.64,6.6725,3.921406,11128800
infosys,26/03/14,6.765,6.80125,6.69125,6.7,3.937568,10193600
infosys,27/03/14,6.68,6.7375,6.62875,6.7,3.937568,13572800
infosys,28/03/14,6.78625,6.85,6.71875,6.74125,3.961811,8416000
infosys,31/03/14,6.80125,6.82125,6.75875,6.7725,3.980177,8587200
infosys,01/04/14,6.86375,6.93125,6.855,6.9,4.055108,7610400
infosys,02/04/14,6.925,6.97875,6.90875,6.95875,4.089635,7788000
infosys,03/04/14,6.93625,6.97,6.83125,6.89625,4.052904,5788000
infosys,04/04/14,6.94125,6.965,6.8025,6.8475,4.024253,6137600
infosys,07/04/14,6.8,6.89,6.75375,6.83125,4.014704,7125600
infosys,08/04/14,6.83875,6.915,6.805,6.86875,4.036742,7357600
infosys,09/04/14,6.76625,6.795,6.69375,6.76125,3.973565,13786400
infosys,10/04/14,6.7,6.73375,6.59125,6.59375,3.875126,11646400
infosys,11/04/14,6.6075,6.70125,6.60125,6.64375,3.904511,10721600
infosys,14/04/14,6.70875,6.98625,6.68125,6.9475,4.083024,20346400
infosys,15/04/14,6.71625,6.8125,6.36375,6.6225,3.892022,39376000
infosys,16/04/14,6.54125,6.59625,6.475,6.5725,3.862638,14737600
infosys,17/04/14,6.57125,6.62125,6.51625,6.61,3.884676,9636000
infosys,21/04/14,6.555,6.5975,6.54125,6.5625,3.85676,6372800
infosys,22/04/14,6.49875,6.58625,6.43875,6.55625,3.853086,13995200
infosys,23/04/14,6.53125,6.53875,6.475,6.5375,3.842068,13084000
infosys,24/04/14,6.5625,6.57625,6.51875,6.56875,3.860433,11079200
infosys,25/04/14,6.5475,6.59375,6.5275,6.5625,3.85676,10349600
infosys,28/04/14,6.57625,6.6375,6.56375,6.615,3.887614,9813600
infosys,29/04/14,6.65875,6.68125,6.6075,6.65875,3.913326,11507200
infosys,30/04/14,6.62375,6.74125,6.60125,6.71375,3.945649,12266400
infosys,01/05/14,6.6975,6.7175,6.64875,6.665,3.916999,5643200
infosys,02/05/14,6.70125,6.74125,6.66875,6.68375,3.928018,9192000
infosys,05/05/14,6.6425,6.65875,6.5825,6.6525,3.909654,5776000
infosys,06/05/14,6.61125,6.69625,6.5725,6.66125,3.914795,10018400
infosys,07/05/14,6.4325,6.43375,6.3075,6.4125,3.768605,20403200
infosys,08/05/14,6.42,6.46875,6.3825,6.42625,3.776686,13266400
infosys,09/05/14,6.48375,6.58125,6.45875,6.56,3.855291,11345600
infosys,12/05/14,6.72875,6.75875,6.655,6.745,3.964015,11179200
infosys,13/05/14,6.7875,6.82,6.77125,6.7875,3.988992,10653600
infosys,14/05/14,6.81125,6.83625,6.745,6.8025,3.997808,8659200
infosys,15/05/14,6.8575,6.865,6.67,6.72,3.949322,17897600
infosys,16/05/14,6.70625,6.70875,6.56,6.65,3.908184,17092800
infosys,19/05/14,6.4725,6.54375,6.42875,6.5125,3.827375,17074400
infosys,20/05/14,6.5375,6.645,6.5375,6.60375,3.881002,12444000
infosys,21/05/14,6.71625,6.72375,6.6525,6.66375,3.916265,9724800
infosys,22/05/14,6.625,6.64375,6.56875,6.57625,3.864841,12368800
infosys,23/05/14,6.56125,6.59,6.54375,6.58125,3.867779,8852000
infosys,27/05/14,6.65,6.6875,6.5775,6.615,3.887614,6685600
infosys,28/05/14,6.5675,6.585,6.36125,6.395,3.758322,27428000
infosys,29/05/14,6.26,6.35,6.2575,6.34375,3.728201,21394400
infosys,30/05/14,6.32625,6.43625,6.31125,6.42875,3.778156,28690400
infosys,02/06/14,6.46,6.5625,6.4475,6.53375,3.839864,15287200
infosys,03/06/14,6.4875,6.5,6.45125,6.49625,3.817826,8325600
infosys,04/06/14,6.45375,6.45375,6.38,6.41375,3.76934,10427200
infosys,05/06/14,6.42875,6.4725,6.4175,6.455,3.793583,7116000
infosys,06/06/14,6.46375,6.51875,6.4525,6.50125,3.820764,7549600
infosys,09/06/14,6.46875,6.49875,6.4575,6.49375,3.816357,12444000
infosys,10/06/14,6.63125,6.64,6.495,6.5375,3.842068,13342400
infosys,11/06/14,6.74,6.87875,6.73125,6.845,4.022785,25681600
infosys,12/06/14,6.7625,6.805,6.63875,6.71125,3.94418,27990400
infosys,13/06/14,6.75,6.7625,6.7025,6.7475,3.965484,8039200
infosys,16/06/14,6.805,6.82625,6.755,6.7875,3.988992,13375200
infosys,17/06/14,6.72125,6.765,6.7075,6.72875,4.401524,10567200
infosys,18/06/14,6.72375,6.78625,6.68,6.775,4.431777,7650400
infosys,19/06/14,6.895,6.9075,6.77625,6.83,4.467755,10291200
infosys,20/06/14,6.84,6.87125,6.7725,6.82625,4.465301,11973600
infosys,23/06/14,6.72625,6.72625,6.6375,6.68375,4.372087,8711200
infosys,24/06/14,6.69375,6.88125,6.6075,6.61625,4.327934,8538400
infosys,25/06/14,6.61,6.67375,6.6,6.66625,4.36064,8228000
infosys,26/06/14,6.61875,6.645,6.56875,6.58125,4.305038,7488800
infosys,27/06/14,6.67375,6.715,6.6525,6.71375,4.391711,7395200
infosys,30/06/14,6.71625,6.775,6.715,6.72125,4.396617,8257600
infosys,01/07/14,6.7025,6.75,6.6875,6.71875,4.394982,5745600
infosys,02/07/14,6.73125,6.735,6.6875,6.70625,4.386805,7676800
infosys,03/07/14,6.7225,6.72875,6.66125,6.71625,4.393347,6857600
infosys,07/07/14,6.905,6.965,6.885,6.9475,4.544616,13790400
infosys,08/07/14,6.935,6.97125,6.91375,6.94375,4.542163,13419200
infosys,09/07/14,6.89875,6.92375,6.845,6.87875,4.499643,10447200
infosys,10/07/14,6.8225,6.9675,6.7875,6.95625,4.55034,16590400
infosys,11/07/14,7.01875,7.0625,6.6725,6.7775,4.433413,31959200
infosys,14/07/14,6.7125,6.7625,6.68625,6.70875,4.388441,15649600
infosys,15/07/14,6.70125,6.72,6.6475,6.67125,4.36391,13370400
infosys,16/07/14,6.7175,6.855,6.7175,6.8525,4.482472,22400000
infosys,17/07/14,6.78,6.80625,6.6425,6.65125,4.350827,10208000
infosys,18/07/14,6.7025,6.79125,6.6825,6.77875,4.434231,9424800
infosys,21/07/14,6.66625,6.69125,6.58375,6.68625,4.373723,15012000
infosys,22/07/14,6.74125,6.82875,6.735,6.78875,4.440772,10775200
infosys,23/07/14,6.99,6.99,6.91125,6.93625,4.537257,10732000
infosys,24/07/14,6.99375,7.015,6.9175,6.97125,4.560152,7050400
infosys,25/07/14,6.94875,6.96,6.88125,6.9,4.513545,4182400
infosys,28/07/14,6.925,6.98875,6.905,6.985,4.569147,7425600
infosys,29/07/14,6.985,6.985,6.91875,6.92375,4.52908,6224000
infosys,30/07/14,6.94625,6.98125,6.925,6.955,4.549521,4294400
infosys,31/07/14,6.8775,6.90375,6.8375,6.8525,4.482472,9312000
infosys,01/08/14,6.86,6.90625,6.83,6.89625,4.511091,11020800
infosys,04/08/14,7.0875,7.16125,7.06125,7.1575,4.681984,13833600
infosys,05/08/14,7.24625,7.265,7.15375,7.2125,4.717962,16360800
infosys,06/08/14,7.01,7.06,6.89125,7.03375,4.601035,17884000
infosys,07/08/14,7.14875,7.1875,7.1225,7.14375,4.67299,19896000
infosys,08/08/14,7.1175,7.2575,7.1075,7.23375,4.731862,13076800
infosys,11/08/14,7.28,7.33625,7.275,7.30875,4.780922,6973600
infosys,12/08/14,7.26875,7.305,7.1975,7.22625,4.726956,10252000
infosys,13/08/14,7.30625,7.31625,7.25875,7.28875,4.76784,5648000
infosys,14/08/14,7.295,7.3375,7.2525,7.26625,4.753121,7859200
infosys,15/08/14,7.28875,7.30625,7.20125,7.2675,4.75394,7153600
infosys,18/08/14,7.26625,7.3125,7.21875,7.3,4.7752,8122400
infosys,19/08/14,7.2975,7.3,7.2475,7.26375,4.751487,10052800
infosys,20/08/14,7.305,7.36,7.27875,7.31,4.78174,6472000
infosys,21/08/14,7.3,7.3225,7.25,7.29625,4.772746,4504800
infosys,22/08/14,7.3825,7.44,7.36125,7.37375,4.823442,9979200
infosys,25/08/14,7.4325,7.455,7.395,7.4125,4.848789,7740800
infosys,26/08/14,7.43875,7.45,7.3875,7.43,4.860237,5948000
infosys,27/08/14,7.46,7.48375,7.43375,7.445,4.870049,8616000
infosys,28/08/14,7.3925,7.41625,7.34,7.4075,4.845519,6011200
infosys,29/08/14,7.43,7.4425,7.4,7.4375,4.865142,4992800
infosys,02/09/14,7.4325,7.45875,7.41125,7.43125,4.861055,5344800
infosys,03/09/14,7.6425,7.68,7.55875,7.6525,5.005782,16922400
infosys,04/09/14,7.6625,7.67875,7.62625,7.63875,4.996788,10976800
infosys,05/09/14,7.65125,7.705,7.6375,7.70125,5.037672,8839200
infosys,08/09/14,7.75875,7.77,7.69375,7.71875,5.049119,10463200
infosys,09/09/14,7.6625,7.67,7.51625,7.53625,4.929739,16181600
infosys,10/09/14,7.4975,7.57375,7.49375,7.55625,4.942822,10095200
infosys,11/09/14,7.54375,7.54875,7.48625,7.51375,4.915021,7954400
infosys,12/09/14,7.5,7.5225,7.425,7.45375,4.875772,9525600
infosys,15/09/14,7.4375,7.4675,7.37625,7.38125,4.828348,7170400
infosys,16/09/14,7.41375,7.495,7.3975,7.465,4.883132,12452800
infosys,17/09/14,7.63625,7.65125,7.36375,7.4025,4.842248,29980000
infosys,18/09/14,7.5,7.51375,7.38875,7.4325,4.861872,27912000
infosys,19/09/14,7.49625,7.51125,7.4275,7.44,4.866778,18280800
infosys,22/09/14,7.42125,7.4375,7.34375,7.3625,4.816082,13998400
infosys,23/09/14,7.3275,7.38,7.30625,7.35875,4.81363,10791200
infosys,24/09/14,7.36375,7.46,7.35875,7.4575,4.878226,9965600
infosys,25/09/14,7.42875,7.47875,7.36,7.3725,4.822624,17225600
infosys,26/09/14,7.455,7.5225,7.43125,7.51,4.912568,11916000
infosys,29/09/14,7.50875,7.57875,7.50125,7.565,4.948545,12071200
infosys,30/09/14,7.54125,7.58875,7.52125,7.56125,4.946093,11716800
infosys,01/10/14,7.69,7.70375,7.515,7.5225,4.920745,21757600
infosys,02/10/14,7.49375,7.5075,7.425,7.4525,4.874955,11476800
infosys,03/10/14,7.49375,7.52875,7.4725,7.5075,4.910932,10890400
infosys,06/10/14,7.55375,7.64125,7.5325,7.62375,4.986976,8992000
infosys,07/10/14,7.73125,7.80625,7.51125,7.53125,4.926467,32560800
infosys,08/10/14,7.38375,7.56375,7.38375,7.54625,4.93628,18364800
infosys,09/10/14,7.48375,7.515,7.38875,7.42625,4.857784,19873600
infosys,10/10/14,7.8,7.945,7.73125,7.8525,5.13661,46504000
infosys,13/10/14,8.005,8.15,7.96875,7.98125,5.220829,26402400
infosys,14/10/14,7.9,8.18625,7.9,8.06,5.613833,22148000
infosys,15/10/14,7.98125,8.125,7.9175,8.02,5.585973,26490400
infosys,16/10/14,7.7925,7.905,7.69625,7.8625,5.832632,17798400
infosys,17/10/14,7.8775,7.95125,7.72,7.75375,5.751957,26712800
infosys,20/10/14,7.695,7.80625,7.68625,7.78,5.77143,17532800
infosys,21/10/14,7.76625,7.82,7.7,7.795,5.782557,17991200
infosys,22/10/14,7.75375,7.8125,7.7,7.715,5.723211,6953600
infosys,23/10/14,7.7725,7.80625,7.68375,7.68625,5.701883,9201600
infosys,24/10/14,7.7125,7.83375,7.6825,7.7725,5.765866,11439200
infosys,27/10/14,7.74625,7.805,7.68625,7.74375,5.744539,14193600
infosys,28/10/14,7.775,7.8475,7.76375,7.84125,5.816866,13288000
infosys,29/10/14,7.925,8.01875,7.91375,8,5.934632,11031200
infosys,30/10/14,8.02625,8.17875,8.01,8.155,6.049615,11364000
infosys,31/10/14,8.27875,8.36375,8.25,8.3575,6.199837,13800800
infosys,03/11/14,8.3375,8.4075,8.32875,8.375,6.212818,8119200
infosys,04/11/14,8.3775,8.4125,8.33875,8.37875,6.2156,5898400
infosys,05/11/14,8.4625,8.51625,8.3575,8.43625,6.258256,8804800
infosys,06/11/14,8.435,8.48375,8.41375,8.4475,6.266601,5703200
infosys,07/11/14,8.4525,8.53375,8.4525,8.5,6.305547,10475200
infosys,10/11/14,8.4825,8.53,8.44875,8.47,6.283292,7221600
infosys,11/11/14,8.455,8.4825,8.38,8.39875,6.230437,7135200
infosys,12/11/14,8.3875,8.455,8.3725,8.39375,6.226727,10301600
infosys,13/11/14,8.5025,8.53375,8.46375,8.495,6.301837,5960800
infosys,14/11/14,8.48,8.4875,8.4275,8.48,6.29071,5544800
infosys,17/11/14,8.5,8.61125,8.4925,8.49875,6.30462,7201600
infosys,18/11/14,8.5175,8.56375,8.3575,8.41625,6.243419,12603200
infosys,19/11/14,8.43,8.44125,8.37375,8.4025,6.233218,12568800
infosys,20/11/14,8.4775,8.51875,8.225,8.28125,6.143271,24224000
infosys,21/11/14,8.39875,8.48875,8.3675,8.48125,6.291638,7828000
infosys,24/11/14,8.57625,8.745,8.54625,8.7075,6.459477,15858400
infosys,25/11/14,8.61875,8.65875,8.565,8.60625,6.384366,10488000
infosys,26/11/14,8.645,8.745,8.64375,8.73375,6.47895,8368000
infosys,28/11/14,8.71375,8.78125,8.6625,8.73,6.476167,6607200
infosys,01/12/14,8.7125,8.795,8.695,8.73,6.476167,8661600
infosys,02/12/14,8.59,8.655,8.525,8.63875,6.408475,7289600
infosys,03/12/14,8.63875,8.7225,8.56125,8.7175,6.466894,6812000
infosys,04/12/14,8.585,8.60625,8.52375,8.55,6.342638,8306400
infosys,05/12/14,8.45875,8.4725,8.3725,8.41625,6.243419,10832000
infosys,08/12/14,8.07,8.14,7.9975,8.0775,5.992125,23078800
infosys,09/12/14,8.03,8.1125,7.9375,8.0425,5.96616,16233200
infosys,10/12/14,8.0175,8.045,7.8475,7.85,5.823358,10096000
infosys,11/12/14,7.7425,7.96,7.715,7.9125,5.869722,16550800
infosys,12/12/14,7.835,7.93,7.8125,7.8175,5.799249,13734800
infosys,15/12/14,7.745,7.8,7.6725,7.72,5.726919,14128000
infosys,16/12/14,7.6275,7.845,7.6025,7.75,5.749175,18684800
infosys,17/12/14,7.72,7.85,7.6825,7.8375,5.814086,19172800
infosys,18/12/14,7.935,8.15,7.935,8.1375,6.036633,18774800
infosys,19/12/14,8.135,8.155,8.025,8.0325,5.958742,14258800
infosys,22/12/14,7.985,8.0475,7.95,8.025,5.953177,9712800
infosys,23/12/14,7.9175,8.0225,7.915,8.0125,5.943905,8671600
infosys,24/12/14,7.86,8.0175,7.86,7.935,5.886413,4644000
infosys,26/12/14,8.05,8.05,7.95,7.95,5.897541,2529600
infosys,29/12/14,7.9575,8.005,7.945,7.9475,5.895687,3344400
infosys,30/12/14,8.0025,8.0275,7.85,7.8675,5.836339,5722800
infosys,31/12/14,7.93,7.9875,7.85,7.865,5.834486,5498800
infosys,02/01/15,8.0575,8.06,7.915,7.975,5.916087,13401600
infosys,05/01/15,7.9175,7.935,7.835,7.875,5.841904,10076400
infosys,06/01/15,7.8475,7.925,7.695,7.82,5.801104,13290800
infosys,07/01/15,7.85,8.0475,7.845,7.985,5.923505,23202800
infosys,08/01/15,8.0125,8.08,8.0025,8.0275,5.955033,14087200
infosys,09/01/15,8.6375,8.71,8.275,8.39,6.223946,21250000
infosys,12/01/15,8.5025,8.525,8.3525,8.38,6.216527,14019600
infosys,13/01/15,8.4475,8.525,8.405,8.465,6.279583,12560800
infosys,14/01/15,8.4875,8.5025,8.42,8.4725,6.285147,8686000
infosys,15/01/15,8.54,8.675,8.5325,8.5425,6.337074,13886400
infosys,16/01/15,8.575,8.6475,8.5075,8.6425,6.411257,9820400
infosys,20/01/15,8.6625,8.72,8.58,8.65,6.416821,6111200
infosys,21/01/15,8.7775,8.81,8.7075,8.7975,6.52624,10028800
infosys,22/01/15,8.8725,8.955,8.81,8.95,6.63937,12345200
infosys,23/01/15,8.945,8.9625,8.825,8.875,6.583733,14085600
infosys,26/01/15,8.8625,8.955,8.8625,8.9225,6.61897,8186800
infosys,27/01/15,8.7075,8.8525,8.6875,8.785,6.516968,13230000
infosys,28/01/15,8.845,8.8825,8.775,8.785,6.516968,9804400
infosys,29/01/15,8.735,8.735,8.54,8.655,6.420529,10396800
infosys,30/01/15,8.6375,8.6675,8.5125,8.52,6.320384,9725600
infosys,02/02/15,8.6725,8.685,8.5125,8.5875,6.370455,7320400
infosys,03/02/15,8.635,8.6525,8.5575,8.63,6.401986,7856000
infosys,04/02/15,8.715,8.81,8.66,8.695,6.450203,8541600
infosys,05/02/15,8.785,8.9375,8.785,8.9375,6.630096,9281600
infosys,06/02/15,8.9225,9.025,8.8875,8.9425,6.633806,9884000
infosys,09/02/15,8.9625,9.1175,8.9275,9.05,6.713553,10849200
infosys,10/02/15,9.1225,9.1525,9.0125,9.1225,6.767335,8038800
infosys,11/02/15,9.095,9.1525,9.055,9.0825,6.737663,6551600
infosys,12/02/15,9.215,9.26,9.1475,9.1825,6.811846,10686000
infosys,13/02/15,9.22,9.25,9.1175,9.15,6.787735,5887600
infosys,17/02/15,9.08,9.1275,8.985,9.0425,6.707989,9932800
infosys,18/02/15,9.14,9.1425,9.1075,9.125,6.76919,8074000
infosys,19/02/15,9.22,9.32,9.2025,9.3,6.89901,8166400
infosys,20/02/15,9.145,9.24,9.11,9.23,6.847082,6093600
infosys,23/02/15,9.0925,9.1125,9.0375,9.0475,6.711699,7310400
infosys,24/02/15,9.0775,9.1975,9.07,9.1875,6.815554,6253200
infosys,25/02/15,9.25,9.305,9.14,9.1925,6.819264,9003600
infosys,26/02/15,9.0925,9.1725,9.07,9.145,6.784028,5613600
infosys,27/02/15,9.1775,9.225,9.11,9.1775,6.808136,9196800
infosys,02/03/15,9.1775,9.1775,9.1125,9.15,6.787735,6452000
infosys,03/03/15,9.2175,9.2725,9.2025,9.22,6.839664,9794400
infosys,04/03/15,9.1175,9.18,9.0125,9.03,6.698716,9094400
infosys,05/03/15,9,9.0225,8.84,8.8725,6.581878,15684800
infosys,06/03/15,8.8425,8.8775,8.77,8.81,6.535514,12893600
infosys,09/03/15,8.6875,8.8,8.6625,8.7075,6.459477,13367200
infosys,10/03/15,8.6825,8.695,8.6175,8.6725,6.433511,13158400
infosys,11/03/15,8.6575,8.7425,8.6,8.6575,6.422384,7807200
infosys,12/03/15,8.7225,8.8625,8.7175,8.8075,6.533659,7992800
infosys,13/03/15,8.79,8.825,8.7625,8.8025,6.52995,5885200
infosys,16/03/15,8.94,9.045,8.885,9.03,6.698716,7854400
infosys,17/03/15,8.925,8.9525,8.86,8.9225,6.61897,7090800
infosys,18/03/15,8.85,9.075,8.85,9.05,6.713553,8745200
infosys,19/03/15,8.98,9.0875,8.9675,8.995,6.672752,8547200
infosys,20/03/15,9.09,9.1625,9.0275,9.0275,6.696862,8358000
infosys,23/03/15,8.9275,9.04,8.9075,8.9975,6.674608,7698000
infosys,24/03/15,8.9675,9.0025,8.93,8.93,6.624535,10542000
infosys,25/03/15,8.945,8.965,8.7475,8.755,6.494713,9961200
infosys,26/03/15,8.6925,8.8,8.595,8.7375,6.481731,21732000
infosys,27/03/15,8.8225,8.9175,8.7425,8.875,6.583733,14756400
infosys,30/03/15,8.9425,8.995,8.9075,8.945,6.635661,7978800
infosys,31/03/15,8.895,8.9025,8.77,8.77,6.50584,11417200
infosys,01/04/15,8.7075,8.75,8.64,8.66,6.42424,13315200
infosys,02/04/15,8.6625,8.695,8.6475,8.66,6.42424,5036400
infosys,06/04/15,8.6825,8.705,8.6275,8.6375,6.407547,7016400
infosys,07/04/15,8.6425,8.7925,8.6325,8.7675,6.503985,19201600
infosys,08/04/15,8.8975,8.9625,8.855,8.945,6.635661,7363600
infosys,09/04/15,8.94,9.015,8.92,9.005,6.680171,9372000
infosys,10/04/15,9.04,9.08,8.9975,9.0775,6.733953,6551200
infosys,13/04/15,9.025,9.11,9,9.055,6.717262,7345600
infosys,14/04/15,9.0575,9.1,9.025,9.03,6.698716,6351600
infosys,15/04/15,8.9375,9.0475,8.88,9.0375,6.70428,9134000
infosys,16/04/15,8.845,8.885,8.7875,8.8275,6.548497,10519600
infosys,17/04/15,8.77,8.7975,8.665,8.775,6.50955,9557200
infosys,20/04/15,8.62,8.6625,8.57,8.63,6.401986,19539600
infosys,21/04/15,8.5925,8.69,8.5925,8.6375,6.407547,18726000
infosys,22/04/15,8.585,8.68,8.5475,8.64,6.409403,20770800
infosys,23/04/15,8.64,8.795,8.5025,8.74,6.483585,21999600
infosys,24/04/15,8.1175,8.26,7.8625,7.9525,5.899395,61965200
infosys,27/04/15,7.89,7.97,7.745,7.8275,5.806667,25115600
infosys,28/04/15,7.82,7.8925,7.7475,7.82,5.801104,21934000
infosys,29/04/15,7.77,7.835,7.7625,7.7875,5.776994,15037600
infosys,30/04/15,7.7425,7.7675,7.7175,7.745,5.745467,14210800
infosys,01/05/15,7.7575,7.815,7.7475,7.7975,5.784412,6830800
infosys,04/05/15,7.9375,8,7.885,7.885,5.849321,11470400
infosys,05/05/15,7.79,7.8375,7.775,7.805,5.789976,9472000
infosys,06/05/15,7.7175,7.73,7.6275,7.655,5.678701,11757200
infosys,07/05/15,7.7575,7.78,7.66,7.705,5.715792,15061600
infosys,08/05/15,7.7825,7.8125,7.7475,7.805,5.789976,10046800
infosys,11/05/15,7.8975,7.9175,7.8075,7.825,5.804811,11815200
infosys,12/05/15,7.6575,7.7225,7.65,7.67,5.689829,14971200
infosys,13/05/15,7.715,7.7775,7.6725,7.6875,5.702811,7254800
infosys,14/05/15,7.6925,7.71,7.6575,7.675,5.693539,6582000
infosys,15/05/15,7.72,7.7825,7.6675,7.7675,5.762157,12102400
infosys,18/05/15,7.8125,7.9025,7.7675,7.8525,5.825212,10635200
infosys,19/05/15,7.95,7.9825,7.9025,7.925,5.878996,7671600
infosys,20/05/15,8.0125,8.05,7.98,8.005,5.938341,9238400
infosys,21/05/15,8.01,8.01,7.9475,7.96,5.904959,8226000
infosys,22/05/15,7.9825,7.9825,7.935,7.9575,5.903105,7174400
infosys,26/05/15,7.8425,7.8525,7.78,7.83,5.808522,6782000
infosys,27/05/15,7.7775,7.8275,7.745,7.815,5.797394,9391200
infosys,28/05/15,7.8325,7.895,7.8275,7.885,5.849321,6782800
infosys,29/05/15,7.9425,7.9725,7.9125,7.9675,5.910523,12460400
infosys,01/06/15,7.9925,8.095,7.9825,8.0525,5.973578,9960800
infosys,02/06/15,7.94,7.97,7.8925,7.955,5.901249,12408400
infosys,03/06/15,7.97,8.1125,7.94,8.025,5.953177,11231200
infosys,04/06/15,7.9575,7.995,7.8525,7.9125,5.869722,10394400
infosys,05/06/15,7.8825,7.9775,7.88,7.9525,5.899395,6310800
infosys,08/06/15,7.8825,7.905,7.865,7.88,5.845613,5764800
infosys,09/06/15,7.83,7.8525,7.7575,7.7775,5.769577,8981600
infosys,10/06/15,7.8975,7.9525,7.8625,7.93,5.882704,12770800
infosys,11/06/15,7.7825,7.8675,7.7525,7.8125,6.155229,9450000
infosys,12/06/15,7.665,7.7625,7.6475,7.755,6.109926,10429600
infosys,15/06/15,7.6975,7.83,7.68,7.8125,6.155229,7482000
infosys,16/06/15,7.7875,7.9775,7.7875,7.96,6.271439,8279600
infosys,17/06/15,7.8625,7.9825,7.8625,7.98,6.287197,8270000
infosys,18/06/15,7.965,8.105,7.965,8.0425,6.336438,7822800
infosys,19/06/15,8.0125,8.04,7.965,7.975,6.283257,5787600
infosys,22/06/15,8.095,8.18,8.0625,8.1325,6.407346,6966800
infosys,23/06/15,8.08,8.125,8.0475,8.055,6.346287,8711600
infosys,24/06/15,7.99,8.045,7.87,7.88,6.20841,12708400
infosys,25/06/15,7.95,8.14,7.945,8.065,6.354165,9659400
infosys,26/06/15,8.13,8.155,8.055,8.085,6.369922,9585400
infosys,29/06/15,7.955,7.99,7.905,7.93,6.247803,5429200
infosys,30/06/15,7.97,7.985,7.83,7.925,6.243864,6579600
infosys,01/07/15,7.99,8.01,7.875,7.955,6.267498,7260400
infosys,02/07/15,7.975,7.985,7.875,7.98,6.287197,4183000
infosys,06/07/15,7.93,7.965,7.885,7.94,6.255682,10254800
infosys,07/07/15,7.915,7.945,7.795,7.93,6.247803,5044600
infosys,08/07/15,7.76,7.785,7.7,7.725,6.08629,8665200
infosys,09/07/15,7.7,7.815,7.66,7.705,6.070532,6421200
infosys,10/07/15,7.705,7.765,7.675,7.74,6.098107,6001400
infosys,13/07/15,7.74,7.81,7.71,7.77,6.121744,4954600
infosys,14/07/15,7.835,7.865,7.755,7.79,6.137501,6055200
infosys,15/07/15,7.825,7.92,7.81,7.89,6.216289,5095200
infosys,16/07/15,7.975,8.04,7.94,7.965,6.275378,5777200
infosys,17/07/15,8,8.02,7.885,7.92,6.239924,8292400
infosys,20/07/15,7.925,7.975,7.855,7.885,6.212349,8805800
infosys,21/07/15,8.815,8.95,8.515,8.53,6.720525,34685200
infosys,22/07/15,8.555,8.74,8.55,8.63,6.799312,10838600
infosys,23/07/15,8.6,8.725,8.6,8.66,6.822948,8963600
infosys,24/07/15,8.595,8.675,8.555,8.615,6.787493,9637600
infosys,27/07/15,8.39,8.45,8.285,8.37,6.594465,8278000
infosys,28/07/15,8.44,8.47,8.33,8.465,6.669313,7298800
infosys,29/07/15,8.51,8.555,8.47,8.5,6.696888,6515400
infosys,30/07/15,8.45,8.505,8.365,8.475,6.677192,6356000
infosys,31/07/15,8.48,8.555,8.44,8.455,6.661434,8677400
infosys,03/08/15,8.5,8.565,8.43,8.48,6.681131,6708600
infosys,04/08/15,8.395,8.485,8.345,8.47,6.673253,5603000
infosys,05/08/15,8.625,8.775,8.625,8.695,6.850523,8204200
infosys,06/08/15,8.675,8.725,8.575,8.655,6.819007,6208400
infosys,07/08/15,8.655,8.77,8.655,8.765,6.905674,6726600
infosys,10/08/15,8.7,8.855,8.7,8.845,6.968704,6946800
infosys,11/08/15,8.81,8.865,8.695,8.73,6.878098,4849000
infosys,12/08/15,8.87,8.94,8.785,8.925,7.031733,7680800
infosys,13/08/15,8.885,9.105,8.885,9.015,7.102641,8374200
infosys,14/08/15,9.015,9.05,8.97,8.985,7.079003,4673200
infosys,17/08/15,8.95,8.995,8.915,8.95,7.05143,4472400
infosys,18/08/15,9.015,9.1,8.935,9,7.090824,6612000
infosys,19/08/15,9.115,9.115,9,9.08,7.153854,6875200
infosys,20/08/15,8.895,8.91,8.655,8.655,6.819007,10429800
infosys,21/08/15,8.71,8.77,8.525,8.525,6.716585,9104600
infosys,24/08/15,8.025,8.335,7.95,8.27,6.515679,21571400
infosys,25/08/15,8.41,8.495,8.25,8.25,6.499921,9722400
infosys,26/08/15,8.32,8.485,8.245,8.475,6.677192,16751000
infosys,27/08/15,8.5,8.635,8.485,8.635,6.803251,9708000
infosys,28/08/15,8.67,8.785,8.585,8.755,6.897795,6263600
infosys,31/08/15,8.575,8.66,8.56,8.575,6.755979,9062800
infosys,01/09/15,8.475,8.515,8.385,8.425,6.637798,7883600
infosys,02/09/15,8.59,8.74,8.485,8.725,6.874159,9236800
infosys,03/09/15,8.665,8.83,8.665,8.775,6.913552,7451600
infosys,04/09/15,8.45,8.56,8.375,8.46,6.665375,8195000
infosys,08/09/15,8.495,8.735,8.485,8.72,6.870219,9880000
infosys,09/09/15,8.845,8.85,8.625,8.635,6.803251,10543000
infosys,10/09/15,8.64,8.825,8.595,8.8,6.933249,11301000
infosys,11/09/15,8.755,8.85,8.72,8.845,6.968704,8787800
infosys,14/09/15,8.85,8.87,8.775,8.84,6.964763,9604600
infosys,15/09/15,8.855,8.89,8.825,8.88,6.996279,8642000
infosys,16/09/15,8.92,8.95,8.865,8.935,7.039612,5621200
infosys,17/09/15,8.9,9,8.845,8.875,6.99234,5153600
infosys,18/09/15,8.87,8.87,8.665,8.71,6.862341,7047200
infosys,21/09/15,8.845,8.965,8.78,8.93,7.035673,6526000
infosys,22/09/15,8.835,8.955,8.805,8.875,6.99234,7105000
infosys,23/09/15,8.955,8.97,8.82,8.825,6.952946,5936400
infosys,24/09/15,8.91,8.935,8.78,8.84,6.964763,7678600
infosys,25/09/15,8.89,8.94,8.82,8.905,7.015975,6099600
infosys,28/09/15,8.895,8.94,8.825,8.92,7.027794,7896600
infosys,29/09/15,8.915,9.06,8.89,9.025,7.110519,7779000
infosys,30/09/15,9.175,9.58,9.155,9.545,7.520211,20944800
infosys,01/10/15,9.515,9.53,9.31,9.445,7.441423,10015400
infosys,02/10/15,9.37,9.45,9.19,9.445,7.441423,10204600
infosys,05/10/15,9.525,9.73,9.505,9.72,7.65809,7771200
infosys,06/10/15,9.545,9.57,9.475,9.5,7.484757,10564800
infosys,07/10/15,9.445,9.505,9.415,9.505,7.488697,7656200
infosys,08/10/15,9.43,9.58,9.43,9.58,7.547787,11381600
infosys,09/10/15,9.7,9.7,9.505,9.575,7.543847,16092800
infosys,12/10/15,9.34,9.515,8.825,8.94,7.043551,26413800
infosys,13/10/15,8.89,8.89,8.62,8.765,6.905674,16401000
infosys,14/10/15,8.845,8.9,8.66,8.7,6.854462,12252000
infosys,15/10/15,8.7,8.73,8.63,8.725,6.997459,8776600
infosys,16/10/15,8.75,9.035,8.695,9.02,7.234049,12455000
infosys,19/10/15,9,9.035,8.91,8.96,7.185929,7743400
infosys,20/10/15,9.055,9.08,8.965,9.025,7.238059,15409200
infosys,21/10/15,9.055,9.06,8.795,8.825,7.077659,8723400
infosys,22/10/15,8.885,9.09,8.855,9.08,7.28217,5201800
infosys,23/10/15,9.195,9.33,9.125,9.31,7.46663,8549200
infosys,26/10/15,9.245,9.315,9.225,9.25,7.41851,4395600
infosys,27/10/15,9.25,9.31,9.165,9.25,7.41851,4442400
infosys,28/10/15,9.24,9.36,9.17,9.3,7.458609,6827200
infosys,29/10/15,9.185,9.235,9.085,9.145,7.334301,5235000
infosys,30/10/15,9.095,9.1,9.015,9.08,7.28217,3857000
infosys,02/11/15,9.04,9.175,8.955,9.13,7.32227,4984200
infosys,03/11/15,9.095,9.305,8.98,9.175,7.35836,5878200
infosys,04/11/15,9.17,9.175,9.07,9.075,7.278159,3853000
infosys,05/11/15,9.035,9.09,9.03,9.045,7.254099,8524200
infosys,06/11/15,9.05,9.085,8.885,8.95,7.177909,6847200
infosys,09/11/15,8.905,8.95,8.7,8.83,7.081668,8349800
infosys,10/11/15,8.73,8.745,8.65,8.73,7.001468,4968200
infosys,11/11/15,8.745,8.77,8.68,8.735,7.005478,4435200
infosys,12/11/15,8.69,8.78,8.665,8.68,6.961369,4014000
infosys,13/11/15,8.62,8.645,8.46,8.51,6.825029,9543400
infosys,16/11/15,8.51,8.515,8.31,8.455,6.780919,15365200
infosys,17/11/15,8.155,8.21,7.93,8.055,6.460119,16822400
infosys,18/11/15,7.99,8.085,7.86,8.055,6.460119,12851400
infosys,19/11/15,8.14,8.215,8.03,8.145,6.532299,7275200
infosys,20/11/15,8.21,8.23,8.04,8.105,6.500218,5003800
infosys,23/11/15,8.125,8.17,8.1,8.12,6.512249,3599000
infosys,24/11/15,8.045,8.135,7.935,8.12,6.512249,5348200
infosys,25/11/15,8.13,8.13,8.02,8.085,6.484178,4569000
infosys,27/11/15,8.16,8.345,8.145,8.235,6.604479,6708400
infosys,30/11/15,8.32,8.5,8.225,8.34,6.688688,14280800
infosys,01/12/15,8.35,8.385,8.205,8.28,6.640568,6067200
infosys,02/12/15,8.21,8.225,8.11,8.13,6.520268,6377600
infosys,03/12/15,8.14,8.15,8.035,8.065,6.468138,4031000
infosys,04/12/15,8.065,8.215,8.06,8.185,6.564379,3501200
infosys,07/12/15,8.1,8.21,8.085,8.155,6.540318,4059400
infosys,08/12/15,8.085,8.085,7.935,7.96,6.383928,10154400
infosys,09/12/15,7.945,8.13,7.94,8.06,6.464129,7865000
infosys,10/12/15,8.175,8.225,8.14,8.215,6.588439,9517200
infosys,11/12/15,8.125,8.165,8.04,8.115,6.508239,6513800
infosys,14/12/15,8.22,8.325,8.155,8.26,6.624528,10607000
infosys,15/12/15,8.375,8.47,8.375,8.395,6.732798,7203200
infosys,16/12/15,8.53,8.53,8.385,8.46,6.78493,5703000
infosys,17/12/15,8.5,8.51,8.26,8.315,6.668639,12099200
infosys,18/12/15,8.245,8.345,8.165,8.175,6.556359,7591000
infosys,21/12/15,8.37,8.415,8.225,8.28,6.640568,8547800
infosys,22/12/15,8.285,8.405,8.28,8.395,6.732798,6223200
infosys,23/12/15,8.455,8.455,8.365,8.43,6.760869,4101400
infosys,24/12/15,8.43,8.46,8.4,8.425,6.756858,1068400
infosys,28/12/15,8.425,8.495,8.375,8.42,6.752849,3297400
infosys,29/12/15,8.455,8.525,8.45,8.475,6.796959,3829600
infosys,30/12/15,8.395,8.44,8.375,8.41,6.744828,3210000
infosys,31/12/15,8.47,8.47,8.36,8.375,6.716759,2945400
infosys,04/01/16,8.23,8.23,8.115,8.12,6.512249,8218400
infosys,05/01/16,8.15,8.2,8.07,8.1,6.496209,7265800
infosys,06/01/16,8.045,8.15,8,8.035,6.444078,7042000
infosys,07/01/16,7.905,8.14,7.88,8.03,6.440068,7850400
infosys,08/01/16,8.075,8.18,8.055,8.085,6.484178,8147400
infosys,11/01/16,8.09,8.195,8.075,8.125,6.516258,9768000
infosys,12/01/16,8.105,8.36,8.105,8.285,6.644578,11860800
infosys,13/01/16,8.375,8.49,8.22,8.23,6.600469,16731800
infosys,14/01/16,8.895,9.035,8.67,8.925,7.157859,23494600
infosys,15/01/16,8.665,8.8,8.56,8.66,6.94533,12403400
infosys,19/01/16,8.72,8.775,8.64,8.74,7.009488,12712200
infosys,20/01/16,8.59,8.765,8.52,8.71,6.985429,15478000
infosys,21/01/16,8.76,9.005,8.675,8.935,7.16588,13172600
infosys,22/01/16,8.91,9,8.895,8.95,7.177909,6572400
infosys,25/01/16,8.925,8.965,8.85,8.905,7.141819,7379000
infosys,26/01/16,8.93,8.975,8.74,8.76,7.025528,10147800
infosys,27/01/16,8.765,8.87,8.68,8.71,6.985429,12695600
infosys,28/01/16,8.72,8.77,8.625,8.65,6.937309,5453400
infosys,29/01/16,8.875,9.005,8.845,8.955,7.18192,9599600
infosys,01/02/16,8.94,8.94,8.825,8.885,7.125779,7780000
infosys,02/02/16,8.855,8.95,8.74,8.78,7.041569,6740800
infosys,03/02/16,8.85,8.885,8.675,8.825,7.077659,7823800
infosys,04/02/16,8.915,8.945,8.835,8.92,7.153851,6331800
infosys,05/02/16,8.86,8.88,8.655,8.675,6.957358,7734400
infosys,08/02/16,8.5,8.55,8.13,8.275,6.636558,20492000
infosys,09/02/16,8.165,8.245,8.07,8.17,6.552348,16329200
infosys,10/02/16,8.24,8.37,8.165,8.175,6.556359,8980000
infosys,11/02/16,8.005,8.13,7.955,8.105,6.500218,14613000
infosys,12/02/16,8.19,8.23,7.98,8.05,6.456109,8943200
infosys,16/02/16,8.035,8.145,8.005,8.105,6.500218,21192800
infosys,17/02/16,8.205,8.265,8.125,8.24,6.608488,31074000
infosys,18/02/16,8.365,8.375,8.195,8.205,6.580419,14067600
infosys,19/02/16,8.22,8.245,8.12,8.195,6.572398,10928800
infosys,22/02/16,8.365,8.505,8.34,8.445,6.772899,12336800
infosys,23/02/16,8.37,8.435,8.31,8.325,6.676659,8722000
infosys,24/02/16,8.285,8.43,8.25,8.42,6.752849,8416200
infosys,25/02/16,8.305,8.455,8.3,8.435,6.764878,8242400
infosys,26/02/16,8.465,8.48,8.325,8.445,6.772899,7740600
infosys,29/02/16,8.25,8.47,8.245,8.41,6.744828,10953400
infosys,01/03/16,8.605,8.745,8.56,8.71,6.985429,7435000
infosys,02/03/16,8.76,8.9,8.73,8.84,7.089688,11716600
infosys,03/03/16,8.86,9.11,8.86,9.09,7.290191,10881200
infosys,04/03/16,9.08,9.235,9.06,9.22,7.39445,7460800
infosys,07/03/16,9.125,9.245,9.115,9.205,7.38242,4061000
infosys,08/03/16,9.02,9.03,8.92,8.96,7.185929,6650000
infosys,09/03/16,9.15,9.15,8.86,8.92,7.153851,9602800
infosys,10/03/16,8.855,8.995,8.825,8.885,7.125779,11909600
infosys,11/03/16,8.92,8.985,8.86,8.98,7.201969,6184000
infosys,14/03/16,8.93,9.06,8.925,9.01,7.22603,6626400
infosys,15/03/16,8.91,8.93,8.86,8.875,7.11776,5627600
infosys,16/03/16,8.96,9.095,8.835,9.09,7.290191,5265000
infosys,17/03/16,9.1,9.17,9.02,9.165,7.35034,5156400
infosys,18/03/16,9.29,9.305,9.175,9.26,7.42653,5216600
infosys,21/03/16,9.27,9.385,9.235,9.34,7.49069,6264400
infosys,22/03/16,9.24,9.32,9.17,9.255,7.42252,6650000
infosys,23/03/16,9.35,9.35,9.19,9.33,7.482669,8980000
infosys,24/03/16,9.3,9.415,9.295,9.405,7.542819,6000200
infosys,28/03/16,9.38,9.4,9.305,9.375,7.51876,4956400
infosys,29/03/16,9.35,9.43,9.32,9.345,7.4947,8516600
infosys,30/03/16,9.395,9.66,9.385,9.58,7.68317,10802800
infosys,31/03/16,9.635,9.635,9.5,9.51,7.627031,6505400
infosys,01/04/16,9.43,9.665,9.39,9.625,7.719259,6791800
infosys,04/04/16,9.745,9.745,9.615,9.625,7.719259,4038200
infosys,05/04/16,9.5,9.5,9.345,9.405,7.542819,6205400
infosys,06/04/16,9.335,9.41,9.28,9.4,7.53881,7426200
infosys,07/04/16,9.245,9.255,9.03,9.055,7.262119,10447200
infosys,08/04/16,9.09,9.1,8.93,9.025,7.238059,8956800
infosys,11/04/16,9.13,9.195,9.075,9.085,7.286179,4767600
infosys,12/04/16,9.125,9.15,9.04,9.1,7.29821,6593200
infosys,13/04/16,9.115,9.21,9,9.175,7.35836,12878200
infosys,14/04/16,9.225,9.26,9.125,9.225,7.39846,11473400
infosys,15/04/16,9.835,10.235,9.775,10,8.020011,29496800
infosys,18/04/16,9.775,9.805,9.645,9.645,7.735301,10071600
infosys,19/04/16,9.7,9.8,9.67,9.675,7.75936,8430600
infosys,20/04/16,9.71,9.75,9.62,9.67,7.755349,8359800
infosys,21/04/16,9.58,9.59,9.43,9.47,7.594949,5887400
infosys,22/04/16,9.45,9.565,9.43,9.54,7.65109,6076800
infosys,25/04/16,9.51,9.58,9.455,9.54,7.65109,3087800
infosys,26/04/16,9.615,9.685,9.545,9.615,7.711239,7032400
infosys,27/04/16,9.63,9.7,9.57,9.61,7.70723,6823800
infosys,28/04/16,9.465,9.555,9.4,9.445,7.574899,5100200
infosys,29/04/16,9.415,9.43,9.285,9.4,7.53881,5242600
infosys,02/05/16,9.34,9.465,9.34,9.395,7.534801,3737400
infosys,03/05/16,9.25,9.31,9.215,9.255,7.42252,4569800
infosys,04/05/16,9.235,9.285,9.12,9.22,7.39445,7404800
infosys,05/05/16,9.245,9.255,9.175,9.2,7.378409,4962000
infosys,06/05/16,9.15,9.24,9.15,9.2,7.378409,5614800
infosys,09/05/16,9.275,9.38,9.275,9.345,7.4947,4948400
infosys,10/05/16,9.405,9.55,9.395,9.495,7.615,6629000
infosys,11/05/16,9.44,9.44,9.31,9.33,7.482669,3433400
infosys,12/05/16,9.4,9.405,9.305,9.36,7.506729,2700400
infosys,13/05/16,9.325,9.39,9.26,9.275,7.438558,2831000
infosys,16/05/16,9.395,9.49,9.355,9.43,7.562871,4500200
infosys,17/05/16,9.41,9.415,9.205,9.21,7.386429,4406400
infosys,18/05/16,9.26,9.375,9.205,9.32,7.474648,4332200
infosys,19/05/16,9.215,9.285,9.15,9.235,7.406479,3599800
infosys,20/05/16,9.265,9.32,9.2,9.23,7.40247,2829800
infosys,23/05/16,9.18,9.22,9.09,9.195,7.374399,4444800
infosys,24/05/16,9.165,9.31,9.16,9.295,7.4546,5255800
infosys,25/05/16,9.375,9.445,9.315,9.405,7.542819,5009200
infosys,26/05/16,9.62,9.705,9.585,9.59,7.69119,6529400
infosys,27/05/16,9.63,9.745,9.615,9.745,7.8155,3768800
infosys,31/05/16,9.71,9.765,9.67,9.72,7.795451,5812800
infosys,01/06/16,9.685,9.79,9.675,9.775,7.839561,3261000
infosys,02/06/16,9.75,9.84,9.73,9.835,7.88768,3567000
infosys,03/06/16,9.81,9.825,9.765,9.805,7.86362,3568200
infosys,06/06/16,9.825,9.88,9.785,9.855,7.90372,4481000
infosys,07/06/16,9.765,9.805,9.715,9.77,8.007063,5315800
infosys,08/06/16,9.68,9.77,9.645,9.65,7.908716,7690000
infosys,09/06/16,9.25,9.285,8.935,9.115,7.470253,19110600
infosys,10/06/16,9.115,9.175,8.945,9.04,7.408787,11015600
infosys,13/06/16,9.07,9.07,8.93,8.965,7.347319,7943400
infosys,14/06/16,8.965,9.075,8.945,9.03,7.40059,6870800
infosys,15/06/16,9.125,9.13,9.025,9.055,7.421079,4975000
infosys,16/06/16,8.99,9.145,8.975,9.12,7.474351,4119800
infosys,17/06/16,9.105,9.16,9.055,9.135,7.486644,7110600
infosys,20/06/16,9.255,9.37,9.255,9.31,7.630067,5271400
infosys,21/06/16,9.3,9.33,9.225,9.27,7.597284,4102000
infosys,22/06/16,9.235,9.335,9.21,9.29,7.613675,5165000
infosys,23/06/16,9.42,9.495,9.385,9.49,7.777586,10521200
infosys,24/06/16,9.125,9.155,9.03,9.04,7.408787,6364400
infosys,27/06/16,8.895,8.9,8.655,8.665,7.101453,13317200
infosys,28/06/16,8.805,8.83,8.68,8.775,7.191604,15700600
infosys,29/06/16,8.905,8.96,8.855,8.89,7.285853,7680600
infosys,30/06/16,8.855,9,8.855,8.925,7.314538,7163200
infosys,01/07/16,8.94,8.97,8.865,8.955,7.339125,4558800
infosys,05/07/16,8.905,8.945,8.875,8.915,7.306343,3799200
infosys,06/07/16,8.91,8.925,8.74,8.815,7.224386,7219400
infosys,07/07/16,8.85,8.925,8.79,8.835,7.240778,5927000
infosys,08/07/16,8.9,8.965,8.875,8.92,7.310441,3864800
infosys,11/07/16,8.97,9.09,8.95,9.065,7.429275,6004600
infosys,12/07/16,9.065,9.165,9.02,9.135,7.486644,10178400
infosys,13/07/16,9.19,9.22,9.125,9.155,7.503035,8428200
infosys,14/07/16,9.16,9.24,9.105,9.22,7.556308,10524400
infosys,15/07/16,8.43,8.545,8.255,8.405,6.888368,42071600
infosys,18/07/16,8.38,8.43,8.26,8.41,6.892466,12999400
infosys,19/07/16,8.41,8.455,8.32,8.325,6.822804,9434600
infosys,20/07/16,8.385,8.425,8.3,8.375,6.863781,8404800
infosys,21/07/16,8.355,8.37,8.275,8.31,6.810511,9971200
infosys,22/07/16,8.315,8.335,8.25,8.285,6.790021,8357400
infosys,25/07/16,8.33,8.345,8.26,8.345,6.839195,6885200
infosys,26/07/16,8.38,8.445,8.35,8.375,6.863781,8168200
infosys,27/07/16,8.405,8.41,8.32,8.35,6.843293,5349600
infosys,28/07/16,8.34,8.34,8.27,8.295,6.798217,5958200
infosys,29/07/16,8.325,8.355,8.155,8.215,6.732653,9730400
infosys,01/08/16,8.3,8.32,8.245,8.285,6.790021,7653800
infosys,02/08/16,8.32,8.32,8.15,8.195,6.716261,7448800
infosys,03/08/16,8.185,8.22,8.15,8.175,6.699871,10643600
infosys,04/08/16,8.14,8.17,8.045,8.045,6.593328,14055600
infosys,05/08/16,8.05,8.165,8.02,8.125,6.658893,15948400
infosys,08/08/16,8.14,8.17,8.125,8.135,6.667088,13707800
infosys,09/08/16,8.16,8.22,8.16,8.18,6.703969,10186000
infosys,10/08/16,8.175,8.27,8.165,8.255,6.765435,8715800
infosys,11/08/16,8.19,8.255,8.165,8.215,6.732653,9993400
infosys,12/08/16,8.14,8.145,8.015,8.07,6.613816,10573400
infosys,15/08/16,7.94,8.135,7.925,8.1,6.638404,10584800
infosys,16/08/16,8.035,8.055,7.94,7.975,6.535959,11482400
infosys,17/08/16,7.92,7.975,7.91,7.96,6.523666,9500600
infosys,18/08/16,7.885,7.95,7.825,7.94,6.507276,13126200
infosys,19/08/16,7.885,7.97,7.88,7.95,6.51547,6007600
infosys,22/08/16,7.855,7.905,7.82,7.9,6.474494,8803000
infosys,23/08/16,7.98,8.29,7.97,8.27,6.777729,17232600
infosys,24/08/16,8.22,8.26,8.16,8.195,6.716261,13101400
infosys,25/08/16,8.13,8.145,7.995,8.025,6.576936,14880000
infosys,26/08/16,7.99,8.02,7.895,7.95,6.51547,9020400
infosys,29/08/16,7.945,7.96,7.86,7.875,6.454004,9193200
infosys,30/08/16,8.05,8.055,7.91,7.93,6.499079,9292000
infosys,31/08/16,7.97,7.99,7.88,7.93,6.499079,9324400
infosys,01/09/16,7.95,8.065,7.945,8.05,6.597426,9199600
infosys,02/09/16,8.015,8.165,8.015,8.15,6.679381,10940800
infosys,06/09/16,8.16,8.25,8.16,8.22,6.736751,9827600
infosys,07/09/16,8.25,8.285,8.215,8.22,6.736751,11382400
infosys,08/09/16,8.115,8.12,7.94,8.045,6.593328,18985000
infosys,09/09/16,8.025,8.095,7.98,8.035,6.585132,12184800
infosys,12/09/16,8.135,8.215,8.04,8.19,6.712163,7500000
infosys,13/09/16,8.115,8.13,7.985,8.03,6.581035,7920000
infosys,14/09/16,8,8.035,7.93,7.975,6.535959,9170400
infosys,15/09/16,7.97,8.135,7.96,8.02,6.572839,7804400
infosys,16/09/16,8.035,8.125,8,8.035,6.585132,11935000
infosys,19/09/16,8.12,8.13,8.03,8.065,6.609718,5823600
infosys,20/09/16,8.065,8.09,8.005,8.025,6.576936,4990000
infosys,21/09/16,8.06,8.1,7.975,8.065,6.609718,7828600
infosys,22/09/16,8.1,8.15,8.09,8.125,6.658893,4966600
infosys,23/09/16,8.05,8.065,7.975,7.98,6.540057,6132600
infosys,26/09/16,7.935,7.96,7.88,7.935,6.503177,3546200
infosys,27/09/16,7.955,8.015,7.94,7.955,6.519567,5603400
infosys,28/09/16,7.96,7.985,7.885,7.945,6.511373,10841000
infosys,29/09/16,7.935,8.06,7.905,7.935,6.503177,11811800
infosys,30/09/16,7.955,7.985,7.88,7.89,6.466297,10281600
infosys,03/10/16,7.915,8,7.905,7.98,6.540057,5858800
infosys,04/10/16,8.02,8.11,7.97,7.975,6.535959,6295800
infosys,05/10/16,7.98,8.015,7.915,7.98,6.540057,3181400
infosys,06/10/16,7.895,7.94,7.865,7.88,6.458102,4788400
infosys,07/10/16,7.84,7.84,7.74,7.8,6.392537,9547000
infosys,10/10/16,7.885,7.99,7.88,7.935,6.503177,6490000
infosys,11/10/16,7.91,7.925,7.83,7.85,6.433515,6688400
infosys,12/10/16,7.865,7.97,7.855,7.965,6.527764,6485400
infosys,13/10/16,8.015,8.355,7.99,8.325,6.822804,20842400
infosys,14/10/16,7.995,8.02,7.755,7.83,6.417124,39789400
infosys,17/10/16,7.845,7.915,7.825,7.85,6.433515,13968600
infosys,18/10/16,7.99,7.99,7.93,7.955,6.519567,8038200
infosys,19/10/16,7.95,8.005,7.92,7.92,6.627919,6949600
infosys,20/10/16,7.91,7.91,7.79,7.87,6.586075,8119200
infosys,21/10/16,7.93,7.995,7.89,7.935,6.640472,6677800
infosys,24/10/16,7.945,8.035,7.92,7.995,6.690683,9311200
infosys,25/10/16,7.885,7.895,7.805,7.845,6.565154,8141400
infosys,26/10/16,7.83,7.845,7.785,7.81,6.535864,7877600
infosys,27/10/16,7.805,7.805,7.675,7.68,6.427073,5230000
infosys,28/10/16,7.685,7.74,7.62,7.645,6.397782,10002600
infosys,31/10/16,7.655,7.69,7.595,7.63,6.385231,8316000
infosys,01/11/16,7.595,7.645,7.57,7.63,6.385231,7145200
infosys,02/11/16,7.595,7.61,7.51,7.58,6.343387,4683400
infosys,03/11/16,7.52,7.535,7.465,7.48,6.259701,7410600
infosys,04/11/16,7.48,7.58,7.465,7.52,6.293176,11188000
infosys,07/11/16,7.635,7.67,7.585,7.62,6.376861,8760400
infosys,08/11/16,7.61,7.63,7.55,7.58,6.343387,8596800
infosys,09/11/16,7.46,7.46,7.135,7.27,6.083961,34182400
infosys,10/11/16,7.245,7.26,7.145,7.22,6.042118,19365400
infosys,11/11/16,7.115,7.27,7.095,7.255,6.071408,15769000
infosys,14/11/16,7.17,7.17,6.955,7.03,5.883115,24311200
infosys,15/11/16,7.17,7.17,6.99,7,5.858009,23541600
infosys,16/11/16,7.08,7.09,7.015,7.055,5.904037,13865600
infosys,17/11/16,7.06,7.095,7.02,7.05,5.899853,10340200
infosys,18/11/16,7.02,7.1,6.935,6.945,5.811982,19826800
infosys,21/11/16,6.945,7.005,6.87,7,5.858009,11521200
infosys,22/11/16,6.96,7.065,6.93,7.03,5.883115,15037400
infosys,23/11/16,6.97,7.09,6.955,7.065,5.912405,11085600
infosys,25/11/16,7.29,7.345,7.235,7.265,6.079776,7705600
infosys,28/11/16,7.4,7.4,7.27,7.28,6.09233,13924600
infosys,29/11/16,7.275,7.285,7.215,7.25,6.067224,6434000
infosys,30/11/16,7.295,7.36,7.235,7.24,6.058855,11560000
infosys,01/12/16,7.285,7.29,7.14,7.155,5.987722,12539200
infosys,02/12/16,7.13,7.185,7.08,7.155,5.987722,7407800
infosys,05/12/16,7.18,7.265,7.17,7.17,6.000274,8934600
infosys,06/12/16,7.245,7.245,7.18,7.235,6.054671,5976600
infosys,07/12/16,7.265,7.425,7.255,7.395,6.188568,9952600
infosys,08/12/16,7.44,7.455,7.355,7.39,6.184384,7968800
infosys,09/12/16,7.42,7.45,7.36,7.37,6.167647,11169600
infosys,12/12/16,7.34,7.365,7.27,7.35,6.150909,5083000
infosys,13/12/16,7.385,7.52,7.385,7.485,6.263885,8455200
infosys,14/12/16,7.485,7.505,7.405,7.42,6.209489,6204000
infosys,15/12/16,7.42,7.505,7.41,7.44,6.226226,6285600
infosys,16/12/16,7.495,7.54,7.4,7.45,6.234595,10166800
infosys,19/12/16,7.46,7.485,7.42,7.435,6.222042,4106400
infosys,20/12/16,7.455,7.475,7.43,7.465,6.247149,6409200
infosys,21/12/16,7.45,7.485,7.42,7.485,6.263885,4951800
infosys,22/12/16,7.36,7.425,7.29,7.4,6.192752,5821400
infosys,23/12/16,7.405,7.43,7.355,7.375,6.171831,3734400
infosys,27/12/16,7.395,7.435,7.39,7.405,6.196937,2295000
infosys,28/12/16,7.41,7.415,7.355,7.365,6.163463,5319400
infosys,29/12/16,7.36,7.405,7.335,7.37,6.167647,3381800
infosys,30/12/16,7.41,7.465,7.395,7.415,6.205306,7088400
infosys,03/01/17,7.39,7.41,7.315,7.37,6.167647,7727200
infosys,04/01/17,7.425,7.61,7.425,7.565,6.330834,12092200
infosys,05/01/17,7.525,7.555,7.475,7.51,6.284807,11927400
infosys,06/01/17,7.355,7.43,7.23,7.41,6.201121,27104200
infosys,09/01/17,7.355,7.52,7.34,7.48,6.259701,19123800
infosys,10/01/17,7.405,7.48,7.385,7.39,6.184384,22058600
infosys,11/01/17,7.4,7.61,7.39,7.595,6.35594,25168000
infosys,12/01/17,7.65,7.69,7.545,7.625,6.381045,12858600
infosys,13/01/17,7.385,7.43,7.1,7.25,6.067224,36469000
infosys,17/01/17,7.22,7.265,7.195,7.245,6.063039,13426000
infosys,18/01/17,7.25,7.265,7.195,7.22,6.042118,14859200
infosys,19/01/17,7.23,7.255,7.17,7.195,6.021196,8517600
infosys,20/01/17,7.17,7.21,7.13,7.18,6.008643,7235200
infosys,23/01/17,7.175,7.185,7.04,7.045,5.895667,25697000
infosys,24/01/17,7.075,7.11,7.01,7.06,5.908221,15134800
infosys,25/01/17,7.07,7.09,6.97,7,5.858009,22564600
infosys,26/01/17,7.005,7.01,6.88,6.895,5.770139,15098000
infosys,27/01/17,6.98,7.045,6.94,6.97,5.832903,22787000
infosys,30/01/17,7.02,7.055,6.885,6.905,5.778508,23176200
infosys,31/01/17,6.84,6.895,6.79,6.885,5.76177,17932600
infosys,01/02/17,6.975,7,6.71,6.795,5.686453,26133200
infosys,02/02/17,6.955,6.975,6.85,6.875,5.753401,32758800
infosys,03/02/17,6.895,6.96,6.895,6.94,5.807797,9092800
infosys,06/02/17,6.94,6.99,6.9,6.925,5.795245,14134200
infosys,07/02/17,6.975,7.065,6.965,7.035,5.887299,19453800
infosys,08/02/17,7.02,7.065,6.935,7.055,5.904037,17344200
infosys,09/02/17,7.055,7.325,7.055,7.285,6.096514,25719000
infosys,10/02/17,7.29,7.34,7.245,7.25,6.067224,14656200
infosys,13/02/17,7.365,7.375,7.31,7.325,6.129988,14538200
infosys,14/02/17,7.38,7.48,7.35,7.455,6.23878,18193800
infosys,15/02/17,7.44,7.505,7.425,7.43,6.217858,11984200
infosys,16/02/17,7.585,7.62,7.475,7.495,6.272254,8537600
infosys,17/02/17,7.46,7.49,7.43,7.44,6.226226,5701600
infosys,21/02/17,7.545,7.645,7.535,7.645,6.397782,14907200
infosys,22/02/17,7.49,7.585,7.475,7.52,6.293176,16588600
infosys,23/02/17,7.61,7.65,7.585,7.595,6.35594,9339600
infosys,24/02/17,7.55,7.605,7.52,7.605,6.364309,6828000
infosys,27/02/17,7.62,7.625,7.57,7.605,6.364309,8431000
infosys,28/02/17,7.635,7.645,7.565,7.57,6.335018,9542800
infosys,01/03/17,7.695,7.695,7.625,7.68,6.427073,10635400
infosys,02/03/17,7.605,7.68,7.575,7.64,6.393599,7129800
infosys,03/03/17,7.69,7.735,7.64,7.69,6.435442,8735000
infosys,06/03/17,7.65,7.685,7.54,7.58,6.343387,16881200
infosys,07/03/17,7.56,7.585,7.48,7.515,6.28899,22414000
infosys,08/03/17,7.5,7.545,7.465,7.485,6.263885,11346400
infosys,09/03/17,7.52,7.615,7.47,7.61,6.368493,15575400
infosys,10/03/17,7.64,7.755,7.635,7.75,6.485653,11079600
infosys,13/03/17,7.815,7.84,7.755,7.795,6.523312,13620600
infosys,14/03/17,7.795,7.805,7.72,7.78,6.510758,10022200
infosys,15/03/17,7.69,7.735,7.61,7.705,6.447994,8853200
infosys,16/03/17,7.86,7.955,7.81,7.885,6.598629,17432200
infosys,17/03/17,7.9,7.915,7.625,7.67,6.418705,31497800
infosys,20/03/17,7.75,7.805,7.675,7.755,6.489838,13356800
infosys,21/03/17,7.83,7.885,7.75,7.765,6.498206,12263000
infosys,22/03/17,7.78,7.83,7.74,7.825,6.548417,8018000
infosys,23/03/17,7.855,7.925,7.84,7.855,6.573523,9512000
infosys,24/03/17,7.835,7.89,7.82,7.835,6.556785,8074600
infosys,27/03/17,7.875,7.88,7.815,7.875,6.59026,7182800
infosys,28/03/17,7.875,7.895,7.81,7.86,6.577707,8981400
infosys,29/03/17,7.875,7.925,7.845,7.9,6.611182,8093000
infosys,30/03/17,7.865,7.91,7.86,7.9,6.611182,8073000
infosys,31/03/17,7.855,7.96,7.83,7.9,6.611182,8196000
infosys,03/04/17,7.865,7.885,7.68,7.735,6.4731,14728000
infosys,04/04/17,7.7,7.755,7.675,7.695,6.439626,11802800
infosys,05/04/17,7.675,7.695,7.625,7.68,6.427073,8661000
infosys,06/04/17,7.675,7.7,7.66,7.68,6.427073,6716200
infosys,07/04/17,7.625,7.67,7.6,7.635,6.389414,6895400
infosys,10/04/17,7.48,7.6,7.455,7.585,6.347571,17253000
infosys,11/04/17,7.575,7.59,7.495,7.545,6.314096,9899000
infosys,12/04/17,7.54,7.635,7.515,7.63,6.385231,17386200
infosys,13/04/17,7.36,7.415,7.24,7.24,6.058855,35304000
infosys,17/04/17,7.26,7.285,7.235,7.265,6.079776,15980600
infosys,18/04/17,7.195,7.245,7.175,7.21,6.033749,12138600
infosys,19/04/17,7.2,7.225,7.15,7.17,6.000274,9725000
infosys,20/04/17,7.27,7.275,7.2,7.235,6.054671,6851200
infosys,21/04/17,7.225,7.24,7.17,7.24,6.058855,14905000
infosys,24/04/17,7.285,7.305,7.18,7.215,6.037934,14650200
infosys,25/04/17,7.26,7.29,7.21,7.27,6.083961,14318800
infosys,26/04/17,7.225,7.27,7.205,7.25,6.067224,10860400
infosys,27/04/17,7.25,7.3,7.235,7.285,6.096514,8921000
infosys,28/04/17,7.27,7.3,7.24,7.28,6.09233,9022600
infosys,01/05/17,7.275,7.29,7.255,7.27,6.083961,4568000
infosys,02/05/17,7.28,7.34,7.245,7.26,6.075593,11353400
infosys,03/05/17,7.335,7.365,7.3,7.34,6.142541,7579800
infosys,04/05/17,7.36,7.39,7.34,7.36,6.159279,10237600
infosys,05/05/17,7.35,7.415,7.35,7.4,6.192752,11956000
infosys,08/05/17,7.425,7.575,7.425,7.55,6.318281,19107600
infosys,09/05/17,7.53,7.575,7.435,7.47,6.251332,21557200
infosys,10/05/17,7.445,7.48,7.385,7.455,6.23878,8922400
infosys,11/05/17,7.445,7.65,7.435,7.635,6.389414,30645600
infosys,12/05/17,7.675,7.755,7.625,7.64,6.393599,10838800
infosys,15/05/17,7.59,7.615,7.545,7.56,6.32665,8069000
infosys,16/05/17,7.585,7.655,7.585,7.63,6.385231,10042800
infosys,17/05/17,7.575,7.605,7.41,7.445,6.230412,16875800
infosys,18/05/17,7.51,7.545,7.44,7.49,6.268069,8158800
infosys,19/05/17,7.525,7.59,7.495,7.58,6.343387,6215400
infosys,22/05/17,7.58,7.585,7.505,7.525,6.297359,6237600
infosys,23/05/17,7.525,7.59,7.505,7.53,6.301544,6535200
infosys,24/05/17,7.535,7.61,7.515,7.6,6.360124,12805800
infosys,25/05/17,7.715,7.845,7.705,7.755,6.489838,15821600
infosys,26/05/17,7.755,7.795,7.685,7.765,6.498206,11395600
infosys,30/05/17,7.765,7.795,7.665,7.7,6.44381,12903000
infosys,31/05/17,7.595,7.615,7.505,7.55,6.512952,9038600
infosys,01/06/17,7.545,7.655,7.535,7.65,6.599216,11342000
infosys,02/06/17,7.6,7.63,7.54,7.59,6.547458,9718000
infosys,05/06/17,7.57,7.645,7.56,7.615,6.569023,8110000
infosys,06/06/17,7.665,7.81,7.65,7.795,6.724299,16073200
infosys,07/06/17,7.67,7.72,7.64,7.665,6.612156,14086000
infosys,08/06/17,7.67,7.675,7.57,7.635,6.586277,11539000
infosys,09/06/17,7.55,7.56,7.315,7.475,6.448253,25309800
infosys,12/06/17,7.59,7.62,7.53,7.53,6.495699,9556400
infosys,13/06/17,7.565,7.63,7.56,7.57,6.530204,9688000
infosys,14/06/17,7.605,7.645,7.535,7.585,6.543145,6649200
infosys,15/06/17,7.55,7.575,7.47,7.535,6.500012,6543400
infosys,16/06/17,7.455,7.46,7.285,7.335,6.327484,17488600
infosys,19/06/17,7.345,7.425,7.31,7.41,6.392182,10638600
infosys,20/06/17,7.45,7.505,7.425,7.45,6.426687,9027000
infosys,21/06/17,7.48,7.5,7.44,7.49,6.461193,6022600
infosys,22/06/17,7.475,7.48,7.32,7.385,6.370616,13805200
infosys,23/06/17,7.385,7.475,7.345,7.425,6.405121,8339600
infosys,26/06/17,7.455,7.51,7.43,7.47,6.44394,6078400
infosys,27/06/17,7.36,7.395,7.265,7.355,6.344737,14850800
infosys,28/06/17,7.365,7.5,7.335,7.46,6.435314,14128200
infosys,29/06/17,7.41,7.45,7.345,7.445,6.422375,9605000
infosys,30/06/17,7.46,7.6,7.415,7.51,6.478446,18206000
infosys,03/07/17,7.595,7.615,7.56,7.57,6.530204,7084200
infosys,05/07/17,7.545,7.545,7.47,7.47,6.44394,10577800
infosys,06/07/17,7.465,7.555,7.45,7.47,6.44394,10786200
infosys,07/07/17,7.475,7.54,7.42,7.52,6.487072,8271000
infosys,10/07/17,7.735,7.775,7.63,7.66,6.607842,14222600
infosys,11/07/17,7.71,7.74,7.635,7.735,6.672541,10745200
infosys,12/07/17,7.75,7.83,7.71,7.82,6.745866,21274600
infosys,13/07/17,7.775,7.825,7.735,7.78,6.711359,20329000
infosys,14/07/17,7.775,7.965,7.75,7.835,6.758805,23331800
infosys,17/07/17,7.86,7.87,7.73,7.82,6.745866,14512400
infosys,18/07/17,7.8,7.84,7.71,7.775,6.707046,12970800
infosys,19/07/17,7.78,7.785,7.675,7.69,6.633722,15647400
infosys,20/07/17,7.705,7.775,7.675,7.76,6.694107,9950000
infosys,21/07/17,7.755,7.85,7.705,7.84,6.763119,9722800
infosys,24/07/17,7.86,7.9,7.825,7.84,6.763119,9155800
infosys,25/07/17,7.87,7.93,7.84,7.905,6.819191,10863000
infosys,26/07/17,7.9,7.965,7.89,7.955,6.862322,6838400
infosys,27/07/17,7.83,7.9,7.75,7.795,6.724299,8586000
infosys,28/07/17,7.9,7.93,7.825,7.855,6.776058,6380400
infosys,31/07/17,7.95,7.96,7.835,7.9,6.814877,12215800
infosys,01/08/17,7.925,7.96,7.9,7.955,6.862322,11159400
infosys,02/08/17,7.925,7.93,7.865,7.89,6.806251,5451600
infosys,03/08/17,7.895,7.91,7.805,7.885,6.801938,11285400
infosys,04/08/17,7.895,7.9,7.835,7.835,6.758805,4433600
infosys,07/08/17,7.785,7.8,7.735,7.77,6.702734,6806200
infosys,08/08/17,7.77,7.83,7.755,7.76,6.694107,4952400
infosys,09/08/17,7.75,7.8,7.73,7.8,6.728612,5047000
infosys,10/08/17,7.805,7.81,7.645,7.66,6.607842,9926400
infosys,11/08/17,7.705,7.77,7.695,7.745,6.681167,6834200
infosys,14/08/17,7.77,7.8,7.735,7.735,6.672541,3865200
infosys,15/08/17,7.735,7.76,7.715,7.745,6.681167,4436600
infosys,16/08/17,7.735,7.955,7.705,7.825,6.750178,15401600
infosys,17/08/17,8.01,8.075,7.945,7.965,6.870949,18182000
infosys,18/08/17,7.545,7.545,7.245,7.395,6.379242,67189200
infosys,21/08/17,7.025,7.34,6.94,7.28,6.280039,61406600
infosys,22/08/17,7.17,7.19,7.04,7.13,6.150642,30566600
infosys,23/08/17,7.27,7.43,7.23,7.41,6.392182,33150600
infosys,24/08/17,7.46,7.52,7.36,7.495,6.465506,15167000
infosys,25/08/17,7.525,7.59,7.525,7.575,6.534518,17296600
infosys,28/08/17,7.685,7.725,7.63,7.655,6.603529,19995400
infosys,29/08/17,7.595,7.655,7.58,7.635,6.586277,14134800
infosys,30/08/17,7.595,7.615,7.505,7.525,6.491385,13530400
infosys,31/08/17,7.5,7.525,7.465,7.5,6.46982,17592000
infosys,01/09/17,7.525,7.54,7.405,7.42,6.400808,10663800
infosys,05/09/17,7.38,7.385,7.285,7.325,6.318857,12538600
infosys,06/09/17,7.31,7.345,7.28,7.31,6.305917,12556600
infosys,07/09/17,7.31,7.355,7.29,7.29,6.288665,8000400
infosys,08/09/17,7.275,7.28,7.225,7.265,6.267098,17924800
infosys,11/09/17,7.265,7.335,7.235,7.285,6.284352,14023400
infosys,12/09/17,7.27,7.3,7.245,7.27,6.271412,8990400
infosys,13/09/17,7.26,7.27,7.22,7.265,6.267098,5910800
infosys,14/09/17,7.265,7.31,7.21,7.275,6.275725,7203600
infosys,15/09/17,7.355,7.37,7.31,7.325,6.318857,10119800
infosys,18/09/17,7.405,7.41,7.37,7.4,6.383555,7898600
infosys,19/09/17,7.43,7.43,7.365,7.4,6.383555,4238200
infosys,20/09/17,7.38,7.465,7.365,7.42,6.400808,11953600
infosys,21/09/17,7.375,7.385,7.29,7.32,6.314544,15722000
infosys,22/09/17,7.28,7.3,7.225,7.295,6.292978,10435200
infosys,25/09/17,7.26,7.285,7.14,7.155,6.172208,11344200
infosys,26/09/17,7.22,7.23,7.155,7.17,6.185147,8812600
infosys,27/09/17,7.155,7.18,7.12,7.15,6.167895,7596200
infosys,28/09/17,7.145,7.155,7.105,7.135,6.154955,8390000
infosys,29/09/17,7.145,7.335,7.145,7.295,6.292978,12034800
infosys,02/10/17,7.295,7.355,7.255,7.34,6.331797,10237800
infosys,03/10/17,7.28,7.31,7.195,7.275,6.275725,15808200
infosys,04/10/17,7.26,7.295,7.24,7.255,6.258472,10879200
infosys,05/10/17,7.275,7.295,7.23,7.26,6.262785,4980800
infosys,06/10/17,7.305,7.335,7.28,7.315,6.310231,4455800
infosys,09/10/17,7.335,7.355,7.31,7.345,6.33611,3759200
infosys,10/10/17,7.4,7.425,7.375,7.38,6.366303,7066600
infosys,11/10/17,7.37,7.39,7.265,7.29,6.288665,10099000
infosys,12/10/17,7.325,7.325,7.285,7.305,6.301604,6234600
infosys,13/10/17,7.355,7.38,7.33,7.355,6.344737,5803000
infosys,16/10/17,7.41,7.425,7.285,7.31,6.305917,11782400
infosys,17/10/17,7.31,7.32,7.2,7.23,6.236907,15113800
infosys,18/10/17,7.25,7.3,7.19,7.29,6.288665,7804800
infosys,19/10/17,7.275,7.37,7.245,7.35,6.340423,5394800
infosys,20/10/17,7.335,7.375,7.28,7.28,6.280039,11967400
infosys,23/10/17,7.35,7.485,7.305,7.415,6.396495,19089400
infosys,24/10/17,7.175,7.28,7.075,7.26,6.262785,23529000
infosys,25/10/17,7.34,7.52,7.33,7.505,6.474133,16565200
infosys,26/10/17,7.52,7.545,7.48,7.505,6.474133,13338200
infosys,27/10/17,7.485,7.54,7.435,7.5,6.46982,14930000
infosys,30/10/17,7.415,7.505,7.395,7.445,6.422375,12135800
infosys,31/10/17,7.355,7.475,7.355,7.425,6.582421,13989800
infosys,01/11/17,7.45,7.47,7.295,7.325,6.674019,9712600
infosys,02/11/17,7.345,7.365,7.285,7.295,6.646686,6332400
infosys,03/11/17,7.34,7.36,7.305,7.315,6.664908,4694600
infosys,06/11/17,7.335,7.44,7.33,7.41,6.751465,5256000
infosys,07/11/17,7.505,7.545,7.41,7.425,6.765132,9363200
infosys,08/11/17,7.44,7.485,7.435,7.46,6.797021,5998800
infosys,09/11/17,7.425,7.495,7.425,7.49,6.824355,9211400
infosys,10/11/17,7.495,7.515,7.475,7.505,6.838022,7686000
infosys,13/11/17,7.45,7.45,7.375,7.4,6.742354,5838800
infosys,14/11/17,7.405,7.48,7.35,7.455,6.792466,9304200
infosys,15/11/17,7.44,7.48,7.16,7.42,6.760576,4178000
infosys,16/11/17,7.615,7.695,7.605,7.635,6.95647,11900000
infosys,17/11/17,7.575,7.61,7.56,7.595,6.920024,6428800
infosys,20/11/17,7.565,7.575,7.505,7.54,6.869912,4174600
infosys,21/11/17,7.585,7.615,7.545,7.56,6.888134,6191800
infosys,22/11/17,7.565,7.61,7.56,7.6,6.92458,3485000
infosys,24/11/17,7.76,7.86,7.715,7.805,7.111361,13455600
infosys,27/11/17,7.795,7.805,7.745,7.765,7.074916,10130000
infosys,28/11/17,7.72,7.855,7.71,7.78,7.088583,7677000
infosys,29/11/17,7.78,7.785,7.715,7.75,7.061249,5274000
infosys,30/11/17,7.71,7.81,7.685,7.78,7.088583,10090200
infosys,01/12/17,7.64,7.7,7.49,7.53,6.860801,11063000
infosys,04/12/17,7.8,7.88,7.72,7.73,7.043026,14086000
infosys,05/12/17,7.76,7.875,7.755,7.845,7.147807,11253200
infosys,06/12/17,7.79,7.845,7.775,7.78,7.088583,8323600
infosys,07/12/17,7.825,7.865,7.805,7.835,7.138696,5960800
infosys,08/12/17,7.805,7.86,7.805,7.84,7.143251,6103800
infosys,11/12/17,7.86,7.935,7.85,7.93,7.225253,6356400
infosys,12/12/17,7.925,7.98,7.875,7.955,7.248031,10178200
infosys,13/12/17,7.95,8.035,7.94,7.945,7.238919,11613600
infosys,14/12/17,7.965,8,7.945,7.95,7.243475,9271600
infosys,15/12/17,8.01,8.065,8,8.03,7.316365,9597000
infosys,18/12/17,8.035,8.04,7.98,8.02,7.307254,7508200
infosys,19/12/17,7.985,8.025,7.955,7.995,7.284476,5109200
infosys,20/12/17,8.025,8.04,7.99,8,7.289032,6692800
infosys,21/12/17,8.085,8.115,8.025,8.045,7.330032,8728200
infosys,22/12/17,8.155,8.185,8.045,8.05,7.334588,7653400
infosys,26/12/17,8.065,8.135,8.055,8.105,7.3847,4099600
infosys,27/12/17,8.095,8.115,8.075,8.09,7.371033,9322600
infosys,28/12/17,8.12,8.15,8.075,8.08,7.361921,5316200
infosys,29/12/17,8.17,8.185,8.105,8.11,7.389255,7103800
infosys,02/01/18,8.135,8.195,8.115,8.145,7.421145,12298200
infosys,03/01/18,8.12,8.135,8.05,8.075,7.357366,10250800
infosys,04/01/18,8.1,8.1,8.01,8.025,7.311809,16272000
infosys,05/01/18,8.085,8.19,8.075,8.175,7.44848,9813600
infosys,08/01/18,8.19,8.26,8.17,8.24,7.507702,11198200
infosys,09/01/18,8.275,8.38,8.275,8.37,7.626149,12924400
infosys,10/01/18,8.35,8.575,8.35,8.495,7.74004,16472200
infosys,11/01/18,8.57,8.685,8.545,8.635,7.867598,35177800
infosys,12/01/18,8.46,8.55,8.36,8.405,7.658039,17614000
infosys,16/01/18,8.875,9.12,8.845,8.89,8.099936,34275200
infosys,17/01/18,9.05,9.125,9.025,9.06,8.254828,25586000
infosys,18/01/18,9.08,9.095,8.915,8.96,8.163715,17432600
infosys,19/01/18,8.955,9.005,8.95,8.995,8.195605,7706400
infosys,22/01/18,9.035,9.155,8.995,9.145,8.332274,19282400
infosys,23/01/18,9.205,9.29,9.18,9.225,8.405164,12009000
infosys,24/01/18,9.295,9.355,9.22,9.23,8.409719,15833400
infosys,25/01/18,9.265,9.27,9.18,9.225,8.405164,9798200
infosys,26/01/18,9.25,9.275,9.165,9.25,8.427942,7542800
infosys,29/01/18,9.285,9.335,9.25,9.275,8.45072,12540800
infosys,30/01/18,9.115,9.185,9.09,9.125,8.314051,12589400
infosys,31/01/18,9.125,9.13,8.975,9.005,8.204717,19138600
infosys,01/02/18,9.045,9.045,8.925,8.965,8.168271,10878600
infosys,02/02/18,8.925,8.975,8.865,8.875,8.086268,15280200
infosys,05/02/18,8.83,8.94,8.66,8.685,7.913155,13482400
infosys,06/02/18,8.57,8.77,8.515,8.735,7.958711,13102200
infosys,07/02/18,8.695,8.875,8.65,8.74,7.963266,9494000
infosys,08/02/18,8.855,8.865,8.55,8.555,7.794708,10278800
infosys,09/02/18,8.6,8.775,8.44,8.68,7.908599,24858600
infosys,12/02/18,8.64,8.86,8.615,8.81,8.027046,18193800
infosys,13/02/18,8.77,8.795,8.675,8.73,7.954155,9333400
infosys,14/02/18,8.625,8.785,8.595,8.785,8.004268,13086800
infosys,15/02/18,8.82,8.85,8.715,8.805,8.02249,10147000
infosys,16/02/18,8.81,8.85,8.78,8.795,8.013378,5777800
infosys,20/02/18,8.75,8.86,8.75,8.82,8.036158,6754200
infosys,21/02/18,8.89,9,8.83,8.835,8.049823,8143800
infosys,22/02/18,8.94,8.955,8.85,8.9,8.109047,8334600
infosys,23/02/18,8.92,8.98,8.865,8.98,8.181937,7406600
infosys,26/02/18,8.915,8.935,8.81,8.84,8.054379,7132400
infosys,27/02/18,8.86,8.885,8.76,8.76,7.981489,9465000
infosys,28/02/18,8.94,8.985,8.83,8.83,8.045268,17073800
infosys,01/03/18,8.855,8.895,8.685,8.75,7.972378,10454800
infosys,02/03/18,8.74,8.895,8.725,8.875,8.086268,6620800
infosys,05/03/18,8.82,9.015,8.8,9,8.20016,8560600
infosys,06/03/18,8.965,9.055,8.94,8.995,8.195605,12470400
infosys,07/03/18,8.965,8.975,8.9,8.945,8.150048,5775000
infosys,08/03/18,8.95,9.025,8.9,9.015,8.213828,7832800
infosys,09/03/18,9.025,9.125,9.02,9.08,8.27305,9874000
infosys,12/03/18,9.125,9.245,9.125,9.205,8.386942,11646600
infosys,13/03/18,9.225,9.27,9.15,9.195,8.377831,5638600
infosys,14/03/18,9.23,9.245,9.17,9.19,8.373273,5120200
infosys,15/03/18,9.22,9.24,9.145,9.15,8.336828,6369400
infosys,16/03/18,9.125,9.205,9.115,9.15,8.336828,9818000
infosys,19/03/18,8.96,9.02,8.93,8.99,8.191049,11571800
infosys,20/03/18,9.025,9.125,9.01,9.105,8.295828,11714000
infosys,21/03/18,9.1,9.125,9.015,9.02,8.218383,11720000
infosys,22/03/18,8.96,8.98,8.845,8.845,8.058935,12787800
infosys,23/03/18,8.99,9.005,8.865,8.865,8.077157,12422200
infosys,26/03/18,8.9,8.99,8.815,8.985,8.186493,7530000
infosys,27/03/18,8.97,9.01,8.815,8.86,8.072602,8988600
infosys,28/03/18,8.825,8.88,8.75,8.845,8.058935,10084400
infosys,29/03/18,8.88,8.98,8.805,8.925,8.131825,9813800
infosys,02/04/18,8.895,8.945,8.75,8.775,7.995155,8026000
infosys,03/04/18,8.815,8.895,8.775,8.84,8.054379,9244800
infosys,04/04/18,8.735,8.93,8.72,8.915,8.122713,13969200
infosys,05/04/18,8.965,9.005,8.925,8.935,8.140937,9677200
infosys,06/04/18,8.815,8.82,8.695,8.745,7.967823,11383800
infosys,09/04/18,8.745,8.78,8.63,8.63,7.863043,11558600
infosys,10/04/18,8.695,8.725,8.62,8.66,7.890377,16201800
infosys,11/04/18,8.645,8.735,8.63,8.675,7.904043,15789400
infosys,12/04/18,9,9.11,8.965,9.005,8.204717,21398000
infosys,13/04/18,8.56,8.625,8.245,8.31,7.571482,49190000
infosys,16/04/18,8.57,8.615,8.485,8.495,7.74004,31001800
infosys,17/04/18,8.53,8.54,8.405,8.415,7.66715,17462400
infosys,18/04/18,8.495,8.535,8.405,8.465,7.712707,24623600
infosys,19/04/18,8.505,8.59,8.45,8.585,7.822042,15478000
infosys,20/04/18,8.8,8.84,8.65,8.685,7.913155,17252000
infosys,23/04/18,8.805,8.81,8.68,8.71,7.935933,19402600
infosys,24/04/18,8.53,8.63,8.5,8.545,7.785597,19468600
infosys,25/04/18,8.55,8.69,8.51,8.605,7.840264,14151800
infosys,26/04/18,8.69,8.81,8.69,8.73,7.954155,9746400
infosys,27/04/18,8.775,8.84,8.77,8.81,8.027046,9669800
infosys,30/04/18,8.905,8.93,8.795,8.835,8.049823,11187400
infosys,01/05/18,8.815,8.82,8.755,8.82,8.036158,6275800
infosys,02/05/18,8.85,8.93,8.82,8.885,8.095381,14506800
infosys,03/05/18,8.835,8.865,8.74,8.84,8.054379,6899400
infosys,04/05/18,8.755,8.86,8.73,8.83,8.045268,9887600
infosys,07/05/18,8.74,8.775,8.68,8.72,7.945045,11304000
infosys,08/05/18,8.665,8.725,8.615,8.66,7.890377,5599400
infosys,09/05/18,8.72,8.735,8.655,8.735,7.958711,4722000
infosys,10/05/18,8.72,8.765,8.695,8.725,7.9496,6500400
infosys,11/05/18,8.755,8.835,8.745,8.78,7.999713,6216400
infosys,14/05/18,8.81,8.895,8.8,8.825,8.040712,7456800
infosys,15/05/18,8.76,8.81,8.695,8.76,7.981489,4797800
infosys,16/05/18,8.795,8.825,8.755,8.775,7.995155,4999400
infosys,17/05/18,8.745,8.745,8.63,8.68,7.908599,7953800
infosys,18/05/18,8.685,8.725,8.66,8.68,7.908599,7760200
infosys,21/05/18,8.69,8.71,8.625,8.695,7.922266,7475000
infosys,22/05/18,8.725,8.805,8.7,8.76,7.981489,9099000
infosys,23/05/18,8.68,8.95,8.64,8.905,8.113602,21593200
infosys,24/05/18,8.94,9.25,8.94,9.12,8.309495,26357000
infosys,25/05/18,9.1,9.175,9.08,9.16,8.345941,8715600
infosys,29/05/18,9.025,9.055,8.94,9,8.20016,12508000
infosys,30/05/18,9.03,9.07,8.96,9.07,8.263939,10066800
infosys,31/05/18,9.09,9.155,9.08,9.095,8.286718,11609800
infosys,01/06/18,9.135,9.17,9.11,9.145,8.332274,6089400
infosys,04/06/18,9.185,9.23,9.175,9.22,8.400609,4743000
infosys,05/06/18,9.15,9.195,9.09,9.18,8.364163,6070400
infosys,06/06/18,9.23,9.37,9.21,9.37,8.537278,6417200
infosys,07/06/18,9.365,9.4,9.28,9.285,8.459831,6047600
infosys,08/06/18,9.29,9.4,9.28,9.365,8.532722,7230600
infosys,11/06/18,9.365,9.405,9.32,9.375,8.541834,5146000
infosys,12/06/18,9.4,9.53,9.385,9.5,8.655725,7466200
infosys,13/06/18,9.5,9.55,9.405,9.41,8.573724,9597600
infosys,14/06/18,9.245,9.245,9.075,9.08,8.705211,11047200
infosys,15/06/18,9.295,9.385,9.28,9.365,8.978446,11280400
infosys,18/06/18,9.25,9.275,9.205,9.22,8.839432,10883200
infosys,19/06/18,9.15,9.15,9.075,9.1,8.724385,15387000
infosys,20/06/18,9.11,9.135,9.07,9.08,8.705211,7358200
infosys,21/06/18,9.115,9.135,9.08,9.115,8.738764,7455600
infosys,22/06/18,9.195,9.375,9.15,9.36,8.973652,16286600
infosys,25/06/18,9.33,9.355,9.285,9.32,8.935304,9240800
infosys,26/06/18,9.3,9.375,9.275,9.36,8.973652,8451400
infosys,27/06/18,9.27,9.395,9.245,9.33,8.94489,13818000
infosys,28/06/18,9.33,9.53,9.315,9.5,9.107874,15941000
infosys,29/06/18,9.575,9.755,9.565,9.715,9.313999,19214800
infosys,02/07/18,9.695,9.825,9.69,9.805,9.400285,9753600
infosys,03/07/18,9.9,9.93,9.805,9.845,9.438633,7878400
infosys,05/07/18,9.49,9.685,9.455,9.67,9.270857,21795200
infosys,06/07/18,9.56,9.61,9.515,9.575,9.179777,13426600
infosys,09/07/18,9.63,9.72,9.615,9.7,9.299618,13745400
infosys,10/07/18,9.725,9.94,9.64,9.89,9.481777,17864000
infosys,11/07/18,9.765,9.895,9.765,9.88,9.47219,15992400
infosys,12/07/18,9.77,10.045,9.74,10.005,9.59203,28335600
infosys,13/07/18,9.56,9.815,9.55,9.71,9.309206,27224000
infosys,16/07/18,9.865,9.885,9.77,9.8,9.395491,14771800
infosys,17/07/18,9.785,9.97,9.76,9.95,9.5393,12135400
infosys,18/07/18,9.88,9.91,9.83,9.84,9.43384,5833800
infosys,19/07/18,9.72,9.905,9.72,9.855,9.448219,14995000
infosys,20/07/18,9.95,10.075,9.945,10.005,9.59203,10394600
infosys,23/07/18,10.025,10.09,9.995,10.075,9.659141,6873400
infosys,24/07/18,10.175,10.21,10.13,10.195,9.774185,8553200
infosys,25/07/18,10.22,10.34,10.205,10.29,9.865266,7539200
infosys,26/07/18,10.255,10.3,10.22,10.27,9.846091,9587400
infosys,27/07/18,10.3,10.315,10.115,10.17,9.750219,8674800
infosys,30/07/18,10.1,10.15,9.94,9.97,9.558473,14123200
infosys,31/07/18,10.055,10.105,10.035,10.09,9.673521,16554000
infosys,01/08/18,10.125,10.18,10.1,10.175,9.755013,9094000
infosys,02/08/18,10.09,10.22,10.06,10.19,9.769393,14119600
infosys,03/08/18,10.175,10.275,10.13,10.27,9.846091,8424400
infosys,06/08/18,10.215,10.305,10.16,10.295,9.870059,6577600
infosys,07/08/18,10.325,10.33,10.15,10.3,9.874854,9157800
infosys,08/08/18,10.3,10.43,10.265,10.375,9.946757,7491200
infosys,09/08/18,10.425,10.49,10.41,10.45,10.018661,5629600
infosys,10/08/18,10.355,10.42,10.335,10.4,9.970724,4435400
infosys,13/08/18,10.435,10.475,10.395,10.41,9.980311,4827600
infosys,14/08/18,10.405,10.475,10.385,10.45,10.018661,5472800
infosys,15/08/18,10.39,10.45,10.3,10.435,10.004281,6000200
infosys,16/08/18,10.5,10.52,10.455,10.495,10.061804,6288200
infosys,17/08/18,10.49,10.57,10.465,10.54,10.104946,7209600
infosys,20/08/18,10.25,10.39,10.145,10.25,9.826917,12304800
infosys,21/08/18,10.295,10.375,10.225,10.245,9.822124,8231200
infosys,22/08/18,10.245,10.285,10.205,10.25,9.826917,10869000
infosys,23/08/18,10.3,10.365,10.18,10.19,9.769393,11189200
infosys,24/08/18,10.215,10.215,10.09,10.15,9.731044,7687000
infosys,27/08/18,10.325,10.39,10.26,10.27,9.846091,7388600
infosys,28/08/18,10.35,10.355,10.305,10.325,9.89882,7254000
infosys,29/08/18,10.22,10.265,10.16,10.175,9.755013,12943200
infosys,30/08/18,10.18,10.255,10.135,10.23,9.807742,9159000
infosys,31/08/18,10.31,10.4,10.3,10.385,9.956346,6992200
infosys,04/09/18,10.43,10.46,10.28,10.38,9.95155,12184400
infosys,05/09/18,10.19,10.38,10.17,10.355,9.927582,12774400
infosys,06/09/18,10.295,10.405,10.285,10.4,9.970724,7225000
infosys,07/09/18,10.39,10.535,10.365,10.425,9.994694,10373600
infosys,10/09/18,10.38,10.48,10.3,10.35,9.922789,8940600
infosys,11/09/18,10.36,10.555,10.35,10.485,10.052216,8671800
infosys,12/09/18,10.57,10.65,10.53,10.55,10.114533,4392500
infosys,13/09/18,10.6,10.64,10.47,10.61,10.172057,9522300
infosys,14/09/18,10.52,10.54,10.27,10.32,9.894028,10702000
infosys,17/09/18,10.21,10.29,10.2,10.25,9.826917,7260000
infosys,18/09/18,10.18,10.18,10.08,10.14,9.721457,6657600
infosys,19/09/18,10.2,10.23,9.99,10.01,9.596823,11042600
infosys,20/09/18,10.08,10.1,9.97,10.07,9.654346,9811500
infosys,21/09/18,10.04,10.04,9.89,9.93,9.520125,7935600
infosys,24/09/18,10.04,10.07,9.93,9.95,9.5393,12798900
infosys,25/09/18,10.06,10.19,10.03,10.15,9.731044,10763500
infosys,26/09/18,10.06,10.2,10.03,10.06,9.644759,6388300
infosys,27/09/18,10.1,10.2,10.07,10.1,9.683108,8822100
infosys,28/09/18,10.22,10.25,10.12,10.17,9.750219,9329800
infosys,01/10/18,10.34,10.39,10.3,10.37,9.941963,7440100
infosys,02/10/18,10.32,10.32,10.2,10.27,9.846091,9053800
infosys,03/10/18,10.12,10.15,10.01,10.04,9.625584,10073600
infosys,04/10/18,9.81,10.02,9.8,10,9.587235,14905600
infosys,05/10/18,10.02,10.19,10.01,10.17,9.750219,8296800
infosys,08/10/18,9.97,10.07,9.92,10.03,9.615997,9091600
infosys,09/10/18,9.97,10.04,9.93,10.02,9.606411,8825600
infosys,10/10/18,9.81,9.84,9.63,9.74,9.337968,23251500
infosys,11/10/18,9.53,9.68,9.46,9.52,9.127048,18729300
infosys,12/10/18,9.65,9.76,9.57,9.74,9.337968,11524500
infosys,15/10/18,9.85,9.96,9.79,9.91,9.500951,17032800
infosys,16/10/18,9.95,10.52,9.91,10.22,9.798155,27500700
infosys,17/10/18,10.06,10.06,9.74,9.8,9.395491,20694700
infosys,18/10/18,9.78,9.78,9.35,9.54,9.146223,21337000
infosys,19/10/18,9.6,9.76,9.54,9.58,9.184571,8651900
infosys,22/10/18,9.57,9.58,9.4,9.48,9.088698,9586300
infosys,23/10/18,9.24,9.42,9.22,9.4,9.012001,10275200
infosys,24/10/18,9.3,9.37,9.05,9.06,8.686035,11702500
infosys,25/10/18,9.08,9.2,9.05,9.11,8.826452,9126200
infosys,26/10/18,8.99,9.05,8.85,9.02,8.739254,8647400
infosys,29/10/18,9.08,9.1,8.88,8.97,8.69081,9618300
infosys,30/10/18,9.16,9.32,9.1,9.19,8.903961,13429500
infosys,31/10/18,9.45,9.54,9.41,9.47,9.175247,9089200
infosys,01/11/18,9.39,9.4,9.21,9.3,9.010539,12112500
infosys,02/11/18,9.34,9.41,9.23,9.25,8.962095,8302600
infosys,05/11/18,9.29,9.47,9.29,9.4,9.107426,9240100
infosys,06/11/18,9.44,9.55,9.39,9.48,9.184936,6901300
infosys,07/11/18,9.62,9.69,9.58,9.61,9.310889,6291500
infosys,08/11/18,9.61,9.65,9.46,9.51,9.214003,5057100
infosys,09/11/18,9.41,9.5,9.37,9.49,9.194625,5318600
infosys,12/11/18,9.42,9.47,9.27,9.34,9.049294,7691300
infosys,13/11/18,9.37,9.46,9.33,9.4,9.107426,5937800
infosys,14/11/18,9.41,9.44,9.16,9.25,8.962095,5406400
infosys,15/11/18,9.27,9.37,9.16,9.33,9.039604,7020900
infosys,16/11/18,9.28,9.37,9.25,9.33,9.039604,4709700
infosys,19/11/18,9.33,9.33,9.21,9.29,9.000851,6507000
infosys,20/11/18,9.18,9.19,9.05,9.09,8.807076,7108500
infosys,21/11/18,8.99,9.1,8.95,9.07,8.787698,7539300
infosys,23/11/18,9.05,9.16,9.05,9.09,8.807076,3158400
infosys,26/11/18,9.07,9.21,9.06,9.18,8.894274,6051900
infosys,27/11/18,9.25,9.31,9.19,9.27,8.981473,5458600
infosys,28/11/18,9.63,9.89,9.56,9.86,9.553109,13928900
infosys,29/11/18,9.79,9.8,9.66,9.68,9.378712,12415800
infosys,30/11/18,9.8,9.86,9.75,9.86,9.553109,10463200
infosys,03/12/18,9.91,9.94,9.86,9.9,9.591864,13191200
infosys,04/12/18,9.94,10.05,9.83,9.85,9.543421,9518900
infosys,06/12/18,9.77,9.86,9.71,9.83,9.524043,17177400
infosys,07/12/18,9.83,9.97,9.65,9.69,9.3884,11353200
infosys,10/12/18,9.55,9.59,9.43,9.57,9.272135,7731000
infosys,11/12/18,9.65,9.77,9.62,9.69,9.3884,7952700
infosys,12/12/18,9.77,9.82,9.66,9.66,9.359334,5453300
infosys,13/12/18,9.93,9.98,9.85,9.87,9.562799,7971700
infosys,14/12/18,9.99,10.01,9.87,9.89,9.582176,7799600
infosys,17/12/18,9.82,9.83,9.54,9.6,9.301202,10520400
infosys,18/12/18,9.68,9.72,9.5,9.54,9.243069,9742500
infosys,19/12/18,9.49,9.58,9.38,9.43,9.136493,8175400
infosys,20/12/18,9.51,9.54,9.14,9.28,8.991161,23548800
infosys,21/12/18,9.21,9.31,9.1,9.1,8.816765,15286200
infosys,24/12/18,9.19,9.24,9.07,9.08,8.797387,8590700
infosys,26/12/18,9.15,9.38,9.12,9.38,9.08805,9004200
infosys,27/12/18,9.3,9.45,9.28,9.45,9.15587,9856500
infosys,28/12/18,9.48,9.5,9.38,9.43,9.136493,6818500
infosys,31/12/18,9.47,9.53,9.39,9.52,9.223692,7229400
infosys,02/01/19,9.5,9.73,9.47,9.61,9.310889,9818900
infosys,03/01/19,9.55,9.59,9.47,9.47,9.175247,9404900
infosys,04/01/19,9.52,9.72,9.5,9.63,9.330268,7119000
infosys,07/01/19,9.7,9.81,9.66,9.71,9.407778,7732700
infosys,08/01/19,9.82,9.85,9.72,9.75,9.446533,9391600
infosys,09/01/19,9.76,9.89,9.74,9.87,9.562799,9634300
infosys,10/01/19,9.78,9.89,9.7,9.88,9.572487,13956500
infosys,11/01/19,10.18,10.68,10.12,10.41,10.08599,40526400
infosys,14/01/19,10.18,10.41,10.13,10.37,10.047235,34162200
infosys,15/01/19,10.57,10.58,10.46,10.49,10.1635,12153400
infosys,16/01/19,10.57,10.64,10.55,10.61,10.279765,12048400
infosys,17/01/19,10.54,10.63,10.5,10.58,10.250699,9581000
infosys,18/01/19,10.6,10.69,10.58,10.67,10.337898,10168700
infosys,22/01/19,10.64,10.68,10.47,10.53,10.202255,10437700
infosys,23/01/19,10.56,10.56,10.43,10.53,10.202255,8108100
infosys,24/01/19,10.53,10.55,10.43,10.43,10.160367,6627700
infosys,25/01/19,10.51,10.58,10.41,10.55,10.277265,8839100
infosys,28/01/19,10.49,10.57,10.44,10.52,10.248041,5192200
infosys,29/01/19,10.49,10.53,10.42,10.48,10.209074,8271100
infosys,30/01/19,10.46,10.63,10.42,10.59,10.316231,7026000
infosys,31/01/19,10.68,10.82,10.68,10.8,10.520802,10354900
infosys,01/02/19,10.85,10.93,10.81,10.9,10.618217,6651300
infosys,04/02/19,10.83,10.88,10.79,10.87,10.588992,7449000
infosys,05/02/19,10.85,10.92,10.83,10.84,10.559768,6926300
infosys,06/02/19,10.91,10.94,10.85,10.9,10.618217,5478400
infosys,07/02/19,10.86,10.93,10.8,10.85,10.56951,7116200
infosys,08/02/19,10.83,10.89,10.81,10.86,10.57925,4103300
infosys,11/02/19,10.86,10.89,10.79,10.82,10.540285,5929600
infosys,12/02/19,10.85,10.86,10.76,10.77,10.491578,6300600
infosys,13/02/19,10.85,10.87,10.77,10.8,10.520802,9532300
infosys,14/02/19,10.65,10.76,10.62,10.76,10.481836,8443400
infosys,15/02/19,10.68,10.78,10.64,10.76,10.481836,9269100
infosys,19/02/19,10.47,10.57,10.38,10.55,10.277265,13443300
infosys,20/02/19,10.62,10.73,10.62,10.7,10.423387,6693600
infosys,21/02/19,10.6,10.62,10.49,10.55,10.277265,6913200
infosys,22/02/19,10.56,10.68,10.55,10.63,10.355197,4644600
infosys,25/02/19,10.83,10.92,10.78,10.81,10.530544,7781200
infosys,26/02/19,10.7,10.76,10.62,10.73,10.452611,6343700
infosys,27/02/19,10.61,10.73,10.57,10.7,10.423387,6812900
infosys,28/02/19,10.69,10.77,10.65,10.72,10.44287,6815000
infosys,01/03/19,10.79,10.87,10.74,10.84,10.559768,8012100
infosys,04/03/19,10.85,10.87,10.66,10.72,10.44287,5650900
infosys,05/03/19,10.72,10.8,10.65,10.77,10.491578,5576000
infosys,06/03/19,10.7,10.75,10.68,10.71,10.433128,6026600
infosys,07/03/19,10.65,10.71,10.48,10.49,10.218816,8304200
infosys,08/03/19,10.41,10.48,10.36,10.47,10.199333,6145300
infosys,11/03/19,10.48,10.57,10.46,10.55,10.277265,5497300
infosys,12/03/19,10.53,10.55,10.46,10.52,10.248041,9129600
infosys,13/03/19,10.53,10.6,10.48,10.55,10.277265,10809900
infosys,14/03/19,10.52,10.61,10.48,10.6,10.325974,5964500
infosys,15/03/19,10.69,10.77,10.69,10.7,10.423387,7108200
infosys,18/03/19,10.7,10.74,10.68,10.72,10.44287,5828700
infosys,19/03/19,10.8,10.91,10.79,10.9,10.618217,7204100
infosys,20/03/19,10.97,11.04,10.88,10.94,10.657183,7616300
infosys,21/03/19,10.94,11.08,10.94,11.06,10.774081,5108000
infosys,22/03/19,11.05,11.12,10.86,10.88,10.598734,8525300
infosys,25/03/19,10.86,10.88,10.77,10.82,10.540285,7322400
infosys,26/03/19,10.86,10.88,10.77,10.82,10.540285,4427200
infosys,27/03/19,10.79,10.83,10.67,10.73,10.452611,5644900
infosys,28/03/19,10.91,10.94,10.83,10.88,10.598734,5429900
infosys,29/03/19,10.93,11.03,10.92,10.93,10.647442,5862300
infosys,01/04/19,11.07,11.16,11.03,11.09,10.803306,5765400
infosys,02/04/19,11.16,11.26,11.1,11.18,10.890978,7661600
infosys,03/04/19,11.2,11.28,11.16,11.2,10.910461,7516300
infosys,04/04/19,11.09,11.15,11,11.07,10.783822,5658700
infosys,05/04/19,11.17,11.36,11.15,11.32,11.027359,9160300
infosys,08/04/19,11.28,11.38,11.27,11.31,11.017618,4759200
infosys,09/04/19,11.23,11.26,11.14,11.15,10.861753,15865500
infosys,10/04/19,11.12,11.17,11.04,11.08,10.793564,15151400
infosys,11/04/19,11.05,11.07,10.9,10.97,10.686407,19697600
infosys,12/04/19,10.6,10.71,10.45,10.55,10.277265,27590500
infosys,15/04/19,10.61,10.61,10.5,10.57,10.296747,15949200
infosys,16/04/19,10.56,10.57,10.36,10.37,10.101918,21431800
infosys,17/04/19,10.42,10.46,10.37,10.41,10.140883,10317700
infosys,18/04/19,10.45,10.49,10.34,10.39,10.121402,18307000
infosys,22/04/19,10.44,10.47,10.39,10.45,10.179851,7392500
infosys,23/04/19,10.48,10.64,10.48,10.53,10.257782,13314800
infosys,24/04/19,10.62,10.7,10.56,10.58,10.306489,12134700
infosys,25/04/19,10.57,10.57,10.4,10.52,10.248041,7030200
infosys,26/04/19,10.64,10.68,10.56,10.65,10.37468,5366900
infosys,29/04/19,10.69,10.78,10.66,10.75,10.472095,6956900
infosys,30/04/19,10.82,10.88,10.75,10.76,10.481836,8432300
infosys,01/05/19,10.81,10.88,10.76,10.77,10.491578,9212300
infosys,02/05/19,10.64,10.72,10.47,10.57,10.296747,12516500
infosys,03/05/19,10.56,10.56,10.07,10.33,10.062952,30580400
infosys,06/05/19,10.31,10.52,10.31,10.45,10.179851,13121800
infosys,07/05/19,10.44,10.46,10.29,10.34,10.072694,13262100
infosys,08/05/19,10.42,10.43,10.26,10.39,10.121402,11854500
infosys,09/05/19,10.34,10.36,10.19,10.2,9.936313,18123600
infosys,10/05/19,10.23,10.27,10.11,10.26,9.994761,19016300
infosys,13/05/19,10.17,10.18,10.04,10.11,9.848639,13309000
infosys,14/05/19,10.15,10.29,10.13,10.21,9.946054,5885600
infosys,15/05/19,10.23,10.39,10.19,10.39,10.121402,11611400
infosys,16/05/19,10.48,10.56,10.47,10.51,10.238299,8502800
infosys,17/05/19,10.4,10.44,10.15,10.17,9.907089,12427600
infosys,20/05/19,10.31,10.36,10.15,10.2,9.936313,17155700
infosys,21/05/19,10.2,10.21,10.12,10.18,9.91683,13841200
infosys,22/05/19,10.19,10.32,10.18,10.22,9.955796,8639200
infosys,23/05/19,10.08,10.2,10.01,10.16,9.897347,6115600
infosys,24/05/19,10.27,10.35,10.23,10.23,9.965537,10594200
infosys,28/05/19,10.4,10.45,10.3,10.3,10.033729,13101000
infosys,29/05/19,10.33,10.34,10.23,10.27,10.004503,9885000
infosys,30/05/19,10.38,10.6,10.37,10.57,10.296747,9560600
infosys,31/05/19,10.5,10.53,10.41,10.47,10.199333,8501000
infosys,03/06/19,10.56,10.63,10.41,10.45,10.179851,16517600
infosys,04/06/19,10.5,10.6,10.42,10.58,10.306489,8956200
infosys,05/06/19,10.56,10.57,10.43,10.44,10.170109,7705300
infosys,06/06/19,10.46,10.58,10.46,10.53,10.257782,5068500
infosys,07/06/19,10.52,10.68,10.52,10.63,10.355197,4587400
infosys,10/06/19,10.76,10.81,10.73,10.78,10.501319,6059100
infosys,11/06/19,10.84,10.85,10.72,10.84,10.559768,6582600
infosys,12/06/19,10.82,10.9,10.77,10.8,10.520802,7234800
infosys,13/06/19,10.63,10.7,10.54,10.62,10.491441,11253600
infosys,14/06/19,10.59,10.67,10.57,10.6,10.471684,4910900
infosys,17/06/19,10.52,10.65,10.47,10.6,10.471684,5351000
infosys,18/06/19,10.79,10.83,10.74,10.75,10.619867,9545700
infosys,19/06/19,10.78,10.8,10.59,10.6,10.471684,17172400
infosys,20/06/19,10.79,10.8,10.68,10.77,10.639626,14996300
infosys,21/06/19,10.72,10.79,10.68,10.72,10.59023,8959000
infosys,24/06/19,10.72,10.77,10.65,10.68,10.550714,6824800
infosys,25/06/19,10.7,10.7,10.61,10.65,10.521077,8018600
infosys,26/06/19,10.66,10.68,10.6,10.66,10.530956,4425400
infosys,27/06/19,10.59,10.67,10.52,10.62,10.491441,7636900
infosys,28/06/19,10.64,10.71,10.63,10.7,10.570472,6315300
infosys,01/07/19,10.7,10.7,10.62,10.7,10.570472,8891900
infosys,02/07/19,10.73,10.79,10.72,10.76,10.629746,7007200
infosys,03/07/19,10.69,10.77,10.67,10.74,10.609987,6879500
infosys,05/07/19,10.57,10.7,10.54,10.69,10.560593,18833300
infosys,08/07/19,10.6,10.62,10.55,10.56,10.432167,13564300
infosys,09/07/19,10.54,10.55,10.37,10.42,10.293861,23515700
infosys,10/07/19,10.55,10.61,10.44,10.48,10.353135,14954300
infosys,11/07/19,10.57,10.72,10.53,10.72,10.59023,15798500
infosys,12/07/19,11.34,11.56,11.27,11.4,11.261998,41385700
infosys,15/07/19,11.5,11.63,11.44,11.5,11.360787,13349700
infosys,16/07/19,11.53,11.59,11.49,11.53,11.390425,8621500
infosys,17/07/19,11.6,11.64,11.48,11.49,11.350908,9347900
infosys,18/07/19,11.5,11.59,11.49,11.55,11.410183,9554000
infosys,19/07/19,11.51,11.54,11.38,11.39,11.25212,10326900
infosys,22/07/19,11.45,11.52,11.44,11.46,11.321272,6380400
infosys,23/07/19,11.48,11.54,11.44,11.49,11.350908,6815600
infosys,24/07/19,11.49,11.56,11.45,11.46,11.321272,9101500
infosys,25/07/19,11.52,11.55,11.48,11.52,11.380547,7030300
infosys,26/07/19,11.53,11.56,11.46,11.48,11.341029,4230100
infosys,29/07/19,11.55,11.55,11.47,11.51,11.370667,6082600
infosys,30/07/19,11.47,11.49,11.39,11.42,11.281756,5375600
infosys,31/07/19,11.49,11.52,11.19,11.32,11.182966,20376600
infosys,01/08/19,11.21,11.39,11.2,11.26,11.123693,9424600
infosys,02/08/19,11.19,11.21,11.05,11.08,10.945872,10132700
infosys,05/08/19,10.99,11.03,10.84,10.9,10.768051,7132500
infosys,06/08/19,11.01,11.04,10.91,11,10.86684,15365300
infosys,07/08/19,10.95,11.16,10.88,11.16,11.024903,14179700
infosys,08/08/19,11.25,11.35,11.2,11.25,11.113814,11876300
infosys,09/08/19,11.25,11.26,11.08,11.13,10.995267,6107900
infosys,12/08/19,11.06,11.13,11.04,11.1,10.965631,4599900
infosys,13/08/19,10.85,11.1,10.78,11.06,10.926115,12558600
infosys,14/08/19,10.96,10.97,10.79,10.79,10.659383,8238800
infosys,15/08/19,10.87,11.05,10.77,10.93,10.797688,14914000
infosys,16/08/19,10.92,11.09,10.91,11.07,10.935993,9420600
infosys,19/08/19,11.06,11.18,11.06,11.13,10.995267,11201500
infosys,20/08/19,11.24,11.39,11.19,11.33,11.192845,13538500
infosys,21/08/19,11.4,11.45,11.28,11.3,11.163209,7062900
infosys,22/08/19,11.28,11.33,11.19,11.21,11.074299,6352600
infosys,23/08/19,11.26,11.32,11.1,11.11,10.975509,8412800
infosys,26/08/19,11.21,11.23,11.1,11.13,10.995267,6104400
infosys,27/08/19,11.1,11.16,11.08,11.15,11.015024,6968800
infosys,28/08/19,11.19,11.26,11.13,11.2,11.06442,5520600
infosys,29/08/19,11.28,11.48,11.28,11.39,11.25212,10932700
infosys,30/08/19,11.48,11.5,11.37,11.49,11.350908,7067000
infosys,03/09/19,11.39,11.41,11.22,11.28,11.143451,9252700
infosys,04/09/19,11.43,11.68,11.41,11.68,11.53861,18432500
infosys,05/09/19,11.79,12.08,11.76,12.07,11.923887,25060600
infosys,06/09/19,12.02,12.04,11.81,11.81,11.667035,10360200
infosys,09/09/19,11.77,11.77,11.59,11.64,11.499093,6583300
infosys,10/09/19,11.56,11.64,11.49,11.62,11.479335,9401500
infosys,11/09/19,11.65,11.66,11.56,11.58,11.439819,9023800
infosys,12/09/19,11.65,11.71,11.59,11.68,11.53861,7979500
infosys,13/09/19,11.78,11.87,11.71,11.77,11.62752,9378200
infosys,16/09/19,11.59,11.76,11.56,11.76,11.61764,8333600
infosys,17/09/19,11.68,11.76,11.66,11.67,11.52873,8195500
infosys,18/09/19,11.72,11.76,11.58,11.7,11.558367,8528000
infosys,19/09/19,11.66,11.68,11.58,11.6,11.459578,8105000
infosys,20/09/19,11.51,11.6,11.35,11.35,11.212604,14943600
infosys,23/09/19,10.98,11.07,10.81,11,10.86684,18658500
infosys,24/09/19,11.25,11.26,11.01,11.04,10.906356,14108100
infosys,25/09/19,11.13,11.15,11.03,11.06,10.926115,17286800
infosys,26/09/19,11.07,11.17,11,11.13,10.995267,9697400
infosys,27/09/19,11.16,11.22,11.06,11.21,11.074299,10509800
infosys,30/09/19,11.33,11.42,11.31,11.37,11.232362,12125900
infosys,01/10/19,11.21,11.25,11.01,11.04,10.906356,10800900
infosys,02/10/19,10.97,11.12,10.94,11.08,10.945872,8582600
infosys,03/10/19,11.06,11.21,11.06,11.16,11.024903,7168100
infosys,04/10/19,11.21,11.26,11.14,11.22,11.084178,7018000
infosys,07/10/19,11.16,11.31,11.1,11.29,11.15333,8589300
infosys,08/10/19,11.21,11.25,11.11,11.12,10.985388,9263600
infosys,09/10/19,11.09,11.24,11.08,11.16,11.024903,8826400
infosys,10/10/19,11.04,11.21,10.94,11.18,11.044662,13331900
infosys,11/10/19,11.29,11.31,10.96,10.97,10.837204,31213600
infosys,14/10/19,10.93,10.95,10.55,10.62,10.491441,36090800
infosys,15/10/19,10.66,10.77,10.51,10.67,10.540835,41270700
infosys,16/10/19,10.68,10.76,10.56,10.6,10.471684,29060900
infosys,17/10/19,10.62,10.73,10.49,10.59,10.461803,37682300
infosys,18/10/19,10.64,10.69,10.57,10.57,10.442045,22623800
infosys,21/10/19,8.94,9.43,8.93,9.29,9.177541,77165400
infosys,22/10/19,9.05,9.08,8.9,9.01,9.01,48623900
infosys,23/10/19,9.1,9.2,8.95,9.04,9.04,25956700
infosys,24/10/19,8.92,8.99,8.76,8.93,8.93,28788000
infosys,25/10/19,8.93,9.25,8.91,9.2,9.2,23665400
infosys,28/10/19,9.19,9.3,9.15,9.16,9.16,11893500
infosys,29/10/19,9.22,9.39,9.16,9.31,9.31,24147000
infosys,30/10/19,9.39,9.44,9.31,9.32,9.32,14840500