StocksName,Date,Open,High,Low,Close,Adj Close,Volume
TCS,03/11/14,1324.5,1324.5,1290.25,1295.180054,1122.578369,2541632
TCS,05/11/14,1319,1319,1295,1299.75,1126.539063,2310642
TCS,07/11/14,1302.400024,1307.849976,1278.5,1286.430054,1114.994141,2126740
TCS,10/11/14,1287.550049,1291,1275.5,1284.819946,1113.598633,1541964
TCS,11/11/14,1289,1297,1277.699951,1290.349976,1118.391846,1249940
TCS,12/11/14,1290,1305.5,1287.5,1295.880005,1123.185059,1320582
TCS,13/11/14,1297.5,1302.449951,1282.569946,1294.219971,1121.746094,1645540
TCS,14/11/14,1292.599976,1305.569946,1287.5,1303.219971,1129.546631,1457174
TCS,17/11/14,1297.550049,1312.5,1296.119995,1309.150024,1134.686646,1570552
TCS,18/11/14,1310,1313.319946,1289.880005,1292.930054,1120.628052,1467026
TCS,19/11/14,1299,1299,1278.719971,1286.880005,1115.384033,1865746
TCS,20/11/14,1294,1305.119995,1280.280029,1302.719971,1129.113403,1795386
TCS,21/11/14,1304,1320,1293.319946,1311.069946,1136.350586,2001594
TCS,24/11/14,1311,1332.5,1311,1328.849976,1151.76123,1942766
TCS,25/11/14,1330,1339.699951,1308,1318,1142.357178,2371684
TCS,26/11/14,1315.030029,1328.180054,1307.5,1313.650024,1138.586914,1584800
TCS,27/11/14,1313.650024,1334,1312.650024,1326.650024,1149.854492,1732418
TCS,28/11/14,1329.180054,1345.949951,1317.680054,1321.5,1145.390869,1989768
TCS,01/12/14,1325.25,1350,1322.619995,1346.469971,1167.033081,1896354
TCS,02/12/14,1346.5,1355.469971,1324.680054,1328.650024,1151.587769,1436572
TCS,03/12/14,1335.949951,1336.699951,1309.25,1317.680054,1142.079834,3094670
TCS,04/12/14,1332,1333.5,1314.949951,1318.969971,1143.19751,1285308
TCS,05/12/14,1320.449951,1324.900024,1286.069946,1289.469971,1117.62915,2359676
TCS,08/12/14,1297.5,1297.5,1250.819946,1256.400024,1088.966553,3232574
TCS,09/12/14,1258,1279.5,1254.550049,1257.430054,1089.859131,2487940
TCS,10/12/14,1257.5,1265.949951,1248.099976,1253.949951,1086.842773,2087970
TCS,11/12/14,1250.300049,1261.449951,1243.5,1246.069946,1080.012817,1938822
TCS,12/12/14,1250,1260,1211.319946,1225.349976,1062.054077,2380786
TCS,15/12/14,1192.449951,1192.5,1176.119995,1179.319946,1022.158203,3487788
TCS,16/12/14,1175,1229.619995,1172.5,1221.530029,1058.743286,3339140
TCS,17/12/14,1226.699951,1235,1202.619995,1222.050049,1059.19397,2287076
TCS,18/12/14,1227.550049,1234.25,1217.400024,1230.349976,1066.387573,1481444
TCS,19/12/14,1235.650024,1261.880005,1234,1255.280029,1087.995361,1903130
TCS,22/12/14,1263,1264.5,1237.199951,1256.699951,1089.226074,1643954
TCS,23/12/14,1250,1268.319946,1247.300049,1258.349976,1090.656128,1266476
TCS,24/12/14,1257.5,1260.430054,1232.819946,1239.949951,1074.708252,3288972
TCS,26/12/14,1243,1255,1232.5,1252.5,1085.585938,626206
TCS,29/12/14,1254,1268.469971,1253.5,1261.449951,1093.34314,778920
TCS,30/12/14,1262.5,1271.219971,1258,1265.030029,1096.446167,701342
TCS,31/12/14,1266.349976,1283.199951,1262.5,1279.119995,1108.658203,1573792
TCS,01/01/15,1283.5,1283.5,1270.5,1272.780029,1103.163208,366830
TCS,02/01/15,1275.5,1295.469971,1275.300049,1289.719971,1117.845947,925740
TCS,05/01/15,1290.5,1299.949951,1262.319946,1270.119995,1100.85791,1754242
TCS,06/01/15,1264.550049,1264.550049,1220,1223.300049,1060.277466,2423784
TCS,07/01/15,1235,1239.569946,1203.719971,1208.849976,1047.753174,2636332
TCS,08/01/15,1221.199951,1224.5,1210.280029,1221.900024,1059.063843,1565408
TCS,09/01/15,1227.5,1259.949951,1225,1256.150024,1088.749512,3197642
TCS,12/01/15,1258.5,1264,1240.119995,1254.849976,1087.622681,1596006
TCS,13/01/15,1260,1265.199951,1240.050049,1248.949951,1082.508667,1468432
TCS,14/01/15,1258,1265.900024,1250.25,1260.969971,1092.927124,1787096
TCS,15/01/15,1266.5,1290.880005,1261.619995,1269.550049,1100.36377,5009920
TCS,16/01/15,1271.849976,1272.5,1242.150024,1266.069946,1097.347534,5293830
TCS,19/01/15,1268,1275.5,1251.5,1255.5,1088.186157,1135074
TCS,20/01/15,1260,1265,1241.619995,1250.219971,1083.609985,2058566
TCS,21/01/15,1261,1261,1244.119995,1256.900024,1089.399658,2310480
TCS,22/01/15,1258.25,1260.619995,1247.75,1256.780029,1089.295532,2113214
TCS,23/01/15,1257,1266.030029,1248.050049,1251.800049,1084.97937,3150380
TCS,27/01/15,1256.180054,1257.5,1244.780029,1251.030029,1088.660156,2738736
TCS,28/01/15,1251.5,1272.449951,1251.449951,1269.800049,1104.994019,3121980
TCS,29/01/15,1269,1284.349976,1256.449951,1272.319946,1107.187134,3734392
TCS,30/01/15,1280.349976,1287.5,1235,1241.030029,1079.95813,5817402
TCS,02/02/15,1241,1260.719971,1231.030029,1257.099976,1093.942261,3181802
TCS,03/02/15,1255.819946,1282.5,1253.550049,1279.119995,1113.104248,2345054
TCS,04/02/15,1284,1285.849976,1251.050049,1257.150024,1093.985962,2245418
TCS,05/02/15,1260,1295.849976,1259.5,1276.199951,1110.563354,4530168
TCS,06/02/15,1276.5,1297.400024,1275.430054,1287.880005,1120.727783,2136416
TCS,09/02/15,1280.75,1284.550049,1250,1256.449951,1093.376587,2076432
TCS,10/02/15,1255,1263.119995,1216.5,1220.569946,1062.153442,3799054
TCS,11/02/15,1227.530029,1243.619995,1223.619995,1229.949951,1070.316284,2937522
TCS,12/02/15,1239.900024,1239.900024,1223.5,1231.069946,1071.290527,3107980
TCS,13/02/15,1235,1273.880005,1230.119995,1269.380005,1104.628296,4158326
TCS,16/02/15,1280,1297.5,1277.5,1292.400024,1124.660889,2364392
TCS,18/02/15,1292.530029,1321.5,1282.619995,1317.819946,1146.781616,2660014
TCS,19/02/15,1318,1343.650024,1317.5,1340.530029,1166.544189,2618002
TCS,20/02/15,1349.400024,1349.400024,1321.119995,1337.780029,1164.151123,1801588
TCS,23/02/15,1335.5,1361,1335.5,1348.319946,1173.322998,1614892
TCS,24/02/15,1347,1365,1339.5,1352.380005,1176.855957,2199922
TCS,25/02/15,1355,1361,1333.930054,1336.099976,1162.688965,1767994
TCS,26/02/15,1339.5,1346.380005,1312.680054,1328.219971,1155.831665,1991994
TCS,27/02/15,1329.719971,1337.880005,1308.150024,1331.180054,1158.407593,2877376
TCS,28/02/15,null,null,null,null,null,null
TCS,02/03/15,1339.849976,1354.469971,1326.280029,1334.699951,1161.470703,2176038
TCS,03/03/15,1341,1395,1338.069946,1388,1207.853027,3424308
TCS,04/03/15,1394,1406.050049,1357.819946,1373,1194.799927,3862994
TCS,05/03/15,1375,1385.349976,1340.530029,1348.219971,1173.23584,2173514
TCS,09/03/15,1320,1339.900024,1305,1323.400024,1151.637451,2883174
TCS,10/03/15,1324.449951,1339.119995,1297.619995,1321.349976,1149.853516,3037052
TCS,11/03/15,1321,1329.969971,1298.900024,1303.280029,1134.128662,2240200
TCS,12/03/15,1311.949951,1312.449951,1295.050049,1309.530029,1139.567383,1827636
TCS,13/03/15,1319,1319.969971,1287.5,1291.180054,1123.599365,1586838
TCS,16/03/15,1292.599976,1305,1276,1281.150024,1114.871094,1556296
TCS,17/03/15,1291.25,1303.349976,1278.880005,1291.849976,1124.182129,1267318
TCS,18/03/15,1295.469971,1299.719971,1275.849976,1279.680054,1113.591797,1255170
TCS,19/03/15,1288,1302.930054,1284.050049,1298.119995,1129.638428,2448964
TCS,20/03/15,1298,1309,1289.430054,1305.469971,1136.034546,1963908
TCS,23/03/15,1308,1315.5,1303,1308.569946,1138.732056,1566608
TCS,24/03/15,1315,1318.5,1291.050049,1295.650024,1127.489014,2394878
TCS,25/03/15,1295.699951,1307,1272.599976,1286.880005,1119.857178,2224858
TCS,26/03/15,1276.650024,1293.349976,1250.5,1256.550049,1093.463867,3091642
TCS,27/03/15,1265.5,1285.949951,1252.050049,1257.400024,1094.203491,2751776
TCS,30/03/15,1262.5,1284.949951,1260,1282.069946,1115.671509,1339006
TCS,31/03/15,1284.719971,1284.719971,1260.5,1276.969971,1111.233276,2427028
TCS,01/04/15,1279,1281.800049,1261.119995,1271.319946,1106.31665,2075758
TCS,06/04/15,1279,1281.449951,1250.050049,1273.650024,1108.344482,1568542
TCS,07/04/15,1281.219971,1299.5,1272,1292.5,1124.747681,1886922
TCS,08/04/15,1297,1328.25,1295.430054,1320.699951,1149.287598,1652134
TCS,09/04/15,1329.5,1343.719971,1317.569946,1332.280029,1159.364502,2544450
TCS,10/04/15,1324.25,1335.400024,1314,1326.880005,1154.665649,1815544
TCS,13/04/15,1332,1332.5,1314,1327.75,1155.422852,1308642
TCS,15/04/15,1327.349976,1356.949951,1304.699951,1313.880005,1143.352905,2913934
TCS,16/04/15,1313.469971,1313.5,1285.680054,1291.400024,1123.790527,3217570
TCS,17/04/15,1278.550049,1280,1235,1237.430054,1076.825562,9668742
TCS,20/04/15,1240.030029,1241.949951,1212.430054,1214.400024,1056.78418,2890722
TCS,21/04/15,1214.400024,1226,1200.5,1213.530029,1056.027222,2546032
TCS,22/04/15,1215.75,1236.5,1203.780029,1222.550049,1063.876709,4186812
TCS,23/04/15,1236,1239.900024,1215.849976,1228.619995,1069.158936,4342990
TCS,24/04/15,1227.650024,1257,1223.780029,1246.530029,1084.744263,3625158
TCS,27/04/15,1249.75,1260,1243,1250.099976,1087.85083,2733052
TCS,28/04/15,1255,1255,1227.550049,1247.5,1085.588257,3088298
TCS,29/04/15,1242,1247.5,1225.530029,1243.650024,1082.238159,2019620
TCS,30/04/15,1240,1245,1213.550049,1231.849976,1071.969482,3738054
TCS,04/05/15,1245.5,1252.400024,1228.599976,1240.780029,1079.740479,1890630
TCS,05/05/15,1250.5,1268.219971,1250,1258.930054,1095.535034,3255070
TCS,06/05/15,1257.5,1257.5,1227.900024,1231.530029,1071.691284,3394406
TCS,07/05/15,1232.449951,1276.880005,1226.849976,1272.619995,1107.447754,3205028
TCS,08/05/15,1280,1294,1258.150024,1263.619995,1099.616333,3003664
TCS,11/05/15,1267.5,1281.530029,1262.5,1278,1112.130005,2573082
TCS,12/05/15,1280,1282.5,1256.5,1261.449951,1097.727905,2467386
TCS,13/05/15,1273.5,1273.5,1240.219971,1257.699951,1094.464355,1863774
TCS,14/05/15,1260,1260,1242.5,1249.619995,1087.432861,1309050
TCS,15/05/15,1257.5,1266.199951,1250.5,1255.569946,1092.610718,1461454
TCS,18/05/15,1257.050049,1262.619995,1248.550049,1260.199951,1096.640137,4507752
TCS,19/05/15,1259.699951,1265,1248.380005,1256.349976,1093.289551,1957722
TCS,20/05/15,1260,1284.949951,1258.449951,1278.530029,1112.590698,1897814
TCS,21/05/15,1278.5,1290,1274.069946,1277.75,1111.912231,1579578
TCS,22/05/15,1275,1314.380005,1269.619995,1308.949951,1139.062866,2691632
TCS,25/05/15,1310,1318.449951,1292.849976,1300.5,1131.709473,982978
TCS,26/05/15,1302.5,1311.619995,1294.449951,1304.430054,1135.129395,1961740
TCS,27/05/15,1304,1316.569946,1296,1307.619995,1137.90564,1620690
TCS,28/05/15,1301.949951,1311.5,1291.119995,1304.75,1135.408081,2763608
TCS,29/05/15,1308.5,1324.300049,1298.619995,1305.150024,1135.755981,4423532
TCS,01/06/15,1304.719971,1323.550049,1304.180054,1308.880005,1139.001831,882264
TCS,02/06/15,1308,1315,1295.25,1299.949951,1131.230957,3935820
TCS,03/06/15,1302,1312.800049,1295.25,1305.449951,1136.016968,1804684
TCS,04/06/15,1308.550049,1311.400024,1294.25,1302.819946,1133.728271,4131468
TCS,05/06/15,1296,1304.5,1285,1287.930054,1141.804932,2308534
TCS,08/06/15,1295,1295,1280.819946,1288.719971,1142.505371,1570320
TCS,09/06/15,1292.5,1295,1275.5,1280.819946,1135.501465,2578914
TCS,10/06/15,1283,1305,1281.900024,1300.380005,1152.842407,2763350
TCS,11/06/15,1302.75,1306.5,1278.380005,1285.650024,1139.783447,1847336
TCS,12/06/15,1285.949951,1294.469971,1238.400024,1252.900024,1110.749268,2571456
TCS,15/06/15,1252.650024,1260.219971,1240.5,1252.400024,1110.30603,2525176
TCS,16/06/15,1250,1259.650024,1247.219971,1256,1113.497192,1267396
TCS,17/06/15,1260.5,1264.569946,1250.900024,1256.900024,1114.29541,1975720
TCS,18/06/15,1257.5,1273.150024,1254,1265.030029,1121.502808,2165046
TCS,19/06/15,1267.5,1277.5,1263.550049,1274.780029,1130.146729,1999610
TCS,22/06/15,1273.5,1300,1273.5,1295.75,1148.737671,1102002
TCS,23/06/15,1300,1304,1283.599976,1287.300049,1141.24646,898318
TCS,24/06/15,1290,1293.949951,1279.430054,1285.150024,1139.34021,1170246
TCS,25/06/15,1281,1286.5,1272.069946,1275,1130.341675,1930992
TCS,26/06/15,1275.099976,1298.180054,1275.099976,1296.400024,1149.313965,1290102
TCS,29/06/15,1286,1302,1271.699951,1296.449951,1149.358154,1372756
TCS,30/06/15,1292.5,1294.380005,1270,1275.469971,1130.758545,1549952
TCS,01/07/15,1281.949951,1304,1278.380005,1296.550049,1149.446899,1279708
TCS,02/07/15,1300,1301.469971,1285.530029,1288.880005,1142.647095,1445880
TCS,03/07/15,1286.530029,1305,1285,1301.949951,1154.234131,963470
TCS,06/07/15,1290.150024,1322.5,1290.150024,1316.650024,1167.266724,1182338
TCS,07/07/15,1316.380005,1323.449951,1301.5,1308.119995,1159.704102,1642836
TCS,08/07/15,1298.969971,1310.849976,1290.25,1297.550049,1150.33313,2667850
TCS,09/07/15,1297.5,1299.119995,1253.319946,1261.25,1118.151489,3934122
TCS,10/07/15,1279.5,1279.5,1227.5,1237.180054,1096.81311,8263654
TCS,13/07/15,1237.699951,1259.300049,1237.699951,1254.780029,1112.415894,2280308
TCS,14/07/15,1255.5,1257.5,1245,1249.75,1107.956543,1703274
TCS,15/07/15,1250.5,1274.969971,1250,1272.880005,1128.462524,2003660
TCS,16/07/15,1271.849976,1279.430054,1263.300049,1270.099976,1125.997803,1456608
TCS,17/07/15,1273.400024,1285.050049,1271.650024,1282.199951,1136.724976,1070526
TCS,20/07/15,1282,1291.949951,1275.949951,1289.569946,1148.18396,853786
TCS,21/07/15,1288,1300.180054,1277.550049,1280.699951,1140.286377,1274500
TCS,22/07/15,1280.5,1284.5,1260.530029,1264.030029,1125.44397,1320628
TCS,23/07/15,1258.75,1268.930054,1241.5,1244.300049,1107.877441,1496780
TCS,24/07/15,1248.75,1258.25,1246.050049,1252.569946,1115.240723,1574972
TCS,27/07/15,1244,1252.5,1240.569946,1248.530029,1111.643433,2003738
TCS,28/07/15,1249.75,1259.5,1246.069946,1251.030029,1113.869141,1891188
TCS,29/07/15,1255.5,1257.530029,1241.75,1253.380005,1115.96167,2413318
TCS,30/07/15,1258.030029,1258.400024,1236.400024,1240.319946,1104.333618,2770574
TCS,31/07/15,1244.949951,1259.5,1243.5,1255.380005,1117.742432,1963776
TCS,03/08/15,1251.699951,1262.5,1250.449951,1254.800049,1117.226196,1179324
TCS,04/08/15,1255.199951,1261.5,1243,1254.449951,1116.914307,2342692
TCS,05/08/15,1260,1275,1255.5,1273.569946,1133.938354,988994
TCS,06/08/15,1282.5,1291.5,1275.050049,1286.650024,1145.583984,2211366
TCS,07/08/15,1286.5,1286.5,1273.5,1276.030029,1136.128418,1188506
TCS,10/08/15,1286,1294.5,1278.300049,1286.050049,1145.049927,1431182
TCS,11/08/15,1289,1305,1271.050049,1302.099976,1159.339966,2200306
TCS,12/08/15,1301.550049,1345.699951,1301,1335.849976,1189.389771,3479784
TCS,13/08/15,1335,1342,1278,1317.800049,1173.31897,1406426
TCS,14/08/15,1319,1359.680054,1318.550049,1351.599976,1203.413208,2293964
TCS,17/08/15,1345.050049,1348.400024,1327.5,1342.380005,1195.203857,773644
TCS,18/08/15,1353.449951,1374.949951,1345,1370.449951,1220.196289,1916926
TCS,19/08/15,1375,1376.430054,1360.949951,1366.800049,1216.946655,1690070
TCS,20/08/15,1372.5,1372.5,1336,1343.430054,1196.138916,2349298
TCS,21/08/15,1356,1364.949951,1327.550049,1338.069946,1191.366455,3536080
TCS,24/08/15,1319.5,1322.5,1284.550049,1289.319946,1147.961304,4692344
TCS,25/08/15,1293.949951,1311,1267.75,1283.569946,1142.841553,3925800
TCS,26/08/15,1279.030029,1319.5,1255.969971,1288.380005,1147.12439,3216158
TCS,27/08/15,1307.449951,1307.449951,1272.900024,1287.319946,1146.18042,5264798
TCS,28/08/15,1304.5,1304.5,1278.849976,1285.430054,1144.497803,2744152
TCS,31/08/15,1295,1295,1265.530029,1282.030029,1141.470459,3692044
TCS,01/09/15,1278,1305.599976,1265,1268.699951,1129.601929,2987602
TCS,02/09/15,1279.849976,1310.219971,1274,1295.900024,1153.819824,3765950
TCS,03/09/15,1298.050049,1307.5,1288.119995,1302.800049,1159.963379,2265074
TCS,04/09/15,1305.699951,1307.449951,1269.569946,1273.719971,1134.071655,2426396
TCS,07/09/15,1276.5,1279.969971,1266.349976,1269.880005,1130.65271,1759184
TCS,08/09/15,1272.5,1282.050049,1261.75,1270.150024,1130.893311,1787746
TCS,09/09/15,1281.469971,1287,1272,1274.880005,1135.10437,2045076
TCS,10/09/15,1271,1289.25,1263.5,1272.699951,1133.163574,2665818
TCS,11/09/15,1273.25,1284.199951,1270.300049,1276,1136.10144,1592672
TCS,14/09/15,1282.5,1282.5,1271.5,1275.819946,1135.941284,1589318
TCS,15/09/15,1275.819946,1279.449951,1268,1268.619995,1129.531006,1379900
TCS,16/09/15,1277.5,1282.5,1270.530029,1275.180054,1135.37146,1756816
TCS,18/09/15,1282.5,1293,1269.5,1275.619995,1135.763428,2455294
TCS,21/09/15,1275,1278.550049,1266.599976,1275.530029,1135.683105,1108840
TCS,22/09/15,1278.75,1286.199951,1245,1263.400024,1124.883301,2081246
TCS,23/09/15,1267.150024,1278.880005,1256.300049,1266.319946,1127.48291,1228352
TCS,24/09/15,1267.75,1295,1264.949951,1290.199951,1148.744751,2354254
TCS,28/09/15,1297,1309.5,1289.75,1296.849976,1154.665894,2366812
TCS,29/09/15,1291.680054,1317,1284.930054,1294.119995,1152.235107,3325952
TCS,30/09/15,1321.849976,1321.849976,1285.469971,1294.030029,1152.155151,3368336
TCS,01/10/15,1299.5,1324.969971,1296.099976,1322.300049,1177.325439,2834408
TCS,05/10/15,1326.349976,1385,1326.349976,1355.819946,1207.170044,4807306
TCS,06/10/15,1362.5,1363,1342,1350,1201.988403,3979590
TCS,07/10/15,1346.969971,1358.5,1323.469971,1326.969971,1181.483276,2065530
TCS,08/10/15,1335,1339.180054,1310,1316.900024,1172.517334,2357550
TCS,09/10/15,1325.25,1325.300049,1304,1314.819946,1170.665527,2249724
TCS,12/10/15,1327.5,1330.180054,1293.5,1296.300049,1154.176025,2455912
TCS,13/10/15,1301.400024,1306,1283.800049,1299.280029,1156.829346,6179712
TCS,14/10/15,1274,1274,1240,1241.849976,1105.696167,8337128
TCS,15/10/15,1245,1251.75,1232.5,1233.880005,1098.599731,3215710
TCS,16/10/15,1240.449951,1246,1235,1236,1100.487061,2333828
TCS,19/10/15,1245,1247.469971,1227.930054,1244.380005,1107.948486,3130642
TCS,20/10/15,1248.119995,1265,1247.800049,1263.380005,1124.865601,2695084
TCS,21/10/15,1267.5,1271,1261.119995,1265,1131.232666,1929688
TCS,23/10/15,1274,1274,1263.650024,1268.569946,1139.378662,2335398
TCS,26/10/15,1274.5,1274.5,1257.550049,1268.280029,1139.118408,1414630
TCS,27/10/15,1265.030029,1272.449951,1260.180054,1265.550049,1136.666504,1530420
TCS,28/10/15,1255.030029,1266.780029,1255.030029,1264.550049,1135.768066,1255342
TCS,29/10/15,1266.780029,1267.699951,1245.030029,1247.680054,1120.615967,3130316
TCS,30/10/15,1250,1255.949951,1242.5,1247.599976,1120.544312,1516696
TCS,02/11/15,1250,1261.400024,1243.780029,1258.680054,1130.495972,1319294
TCS,03/11/15,1264,1273.900024,1259.25,1271.719971,1142.207764,1364906
TCS,04/11/15,1272.5,1273.599976,1260,1266.900024,1137.878662,991434
TCS,05/11/15,1265.400024,1267.469971,1240,1241.319946,1114.903809,1596098
TCS,06/11/15,1246,1259.119995,1241.719971,1252.880005,1125.286743,908024
TCS,09/11/15,1247.5,1251.380005,1234.300049,1235.680054,1109.838379,2021556
TCS,10/11/15,1236.469971,1238.5,1225,1229.069946,1103.901489,1361920
TCS,13/11/15,1219.030029,1219.030029,1193.280029,1198.699951,1076.624146,2743232
TCS,16/11/15,1195,1195,1178,1187.300049,1066.385254,2043528
TCS,17/11/15,1190.25,1199.219971,1187.5,1195.280029,1073.552612,1985028
TCS,18/11/15,1194.449951,1194.449951,1173,1175.719971,1055.984497,1520352
TCS,19/11/15,1182.680054,1190.800049,1176,1181.280029,1060.978394,1866906
TCS,20/11/15,1183.25,1211.780029,1180.969971,1199.180054,1077.05542,2012126
TCS,23/11/15,1202.650024,1206.699951,1191.119995,1195.530029,1073.777222,1088082
TCS,24/11/15,1190.030029,1196.219971,1182.75,1183.969971,1063.394287,998640
TCS,26/11/15,1188.949951,1191.199951,1168.930054,1172.780029,1053.343872,2915292
TCS,27/11/15,1174,1179.719971,1166.25,1176.680054,1056.846802,1737206
TCS,30/11/15,1182.5,1195.619995,1175.069946,1186.780029,1065.918213,4100048
TCS,01/12/15,1181.449951,1189.030029,1178.530029,1180.949951,1060.681885,1721994
TCS,02/12/15,1189,1189.050049,1173.25,1182.599976,1062.16394,1640296
TCS,03/12/15,1180,1186.5,1173.5,1175.380005,1055.679199,2283358
TCS,04/12/15,1170,1173.650024,1160.550049,1164.199951,1045.637695,1246092
TCS,07/12/15,1166.099976,1171.949951,1157.619995,1159.900024,1041.775513,1382604
TCS,08/12/15,1159.699951,1174.5,1158.650024,1164.5,1045.907104,1139964
TCS,09/12/15,1168.949951,1186.400024,1160,1183.819946,1063.259766,5282806
TCS,10/12/15,1184.5,1195.599976,1176,1192.280029,1070.858154,1723988
TCS,11/12/15,1191.5,1195.969971,1181.619995,1193,1071.504883,1652378
TCS,14/12/15,1167.599976,1193.5,1165.300049,1189.219971,1068.109497,2718532
TCS,15/12/15,1189.219971,1192.5,1181.530029,1187.930054,1066.951172,1135868
TCS,16/12/15,1192,1207.25,1192,1204.199951,1081.564209,1435934
TCS,17/12/15,1207.5,1222.5,1196.680054,1219.880005,1095.647461,1618844
TCS,18/12/15,1210,1217.099976,1200.319946,1208.400024,1085.336426,3024970
TCS,21/12/15,1209.969971,1225,1203.430054,1223.199951,1098.629028,1610104
TCS,22/12/15,1220,1220,1200,1202.530029,1080.064209,1560858
TCS,23/12/15,1207.5,1217.5,1205.280029,1212.900024,1089.378174,849834
TCS,24/12/15,1210.5,1219.099976,1202,1217.119995,1093.168457,843160
TCS,28/12/15,1214,1233.199951,1210.099976,1231.349976,1105.94873,3704198
TCS,29/12/15,1229.180054,1232.650024,1222.880005,1227.900024,1102.850708,1708524
TCS,30/12/15,1226.530029,1229.5,1206.150024,1209.150024,1086.009888,1605762
TCS,31/12/15,1207.880005,1224.25,1203.75,1218.430054,1094.345093,1240318
TCS,01/01/16,1219.5,1219.5,1206.119995,1208.199951,1085.156616,712262
TCS,04/01/16,1205.069946,1207,1183.030029,1184.800049,1064.139648,1870184
TCS,05/01/16,1192.5,1193.300049,1170.5,1174.469971,1054.861816,2678020
TCS,06/01/16,1175.099976,1193.069946,1175.099976,1190.800049,1069.528931,2653228
TCS,07/01/16,1185,1191.449951,1180,1185.619995,1064.876099,3199580
TCS,08/01/16,1192.5,1203.680054,1186.25,1198.800049,1076.714111,1907544
TCS,11/01/16,1191.25,1192,1174.430054,1181.180054,1060.888794,2930228
TCS,12/01/16,1181.349976,1182.5,1150.800049,1163.530029,1045.036011,3482594
TCS,13/01/16,1158.5,1163.5,1127.550049,1139.599976,1023.542847,4746092
TCS,14/01/16,1136.5,1149.449951,1125,1139.400024,1023.363403,2742052
TCS,15/01/16,1144.430054,1145.849976,1127.5,1130.550049,1015.414551,3269408
TCS,18/01/16,1131,1145.949951,1130,1138.819946,1022.842407,2213922
TCS,19/01/16,1138.5,1150,1134.150024,1139.650024,1023.588074,967910
TCS,20/01/16,1136.900024,1142.5,1121.5,1140.050049,1023.947388,1615954
TCS,21/01/16,1142.5,1144.949951,1122.880005,1127.25,1017.358765,2675536
TCS,22/01/16,1136.5,1151.030029,1130,1147.880005,1035.977661,1343178
TCS,25/01/16,1150.949951,1169.5,1145.75,1152.319946,1039.984619,1397560
TCS,27/01/16,1151,1164.969971,1140.949951,1159.880005,1046.807739,1626986
TCS,28/01/16,1157.75,1174.449951,1154.030029,1165.599976,1051.970093,3106660
TCS,29/01/16,1179.349976,1200,1167.530029,1195.650024,1079.090942,2235744
TCS,01/02/16,1195.550049,1206.469971,1179.5,1201.349976,1084.234985,1495274
TCS,02/02/16,1204.5,1216.5,1189.849976,1199.050049,1082.15918,1475588
TCS,03/02/16,1193.75,1214.949951,1180.150024,1208.150024,1090.37207,1308692
TCS,04/02/16,1210.949951,1220,1201,1210.030029,1092.06897,1250046
TCS,05/02/16,1204.050049,1219.969971,1204.050049,1210.969971,1092.917114,1402996
TCS,08/02/16,1200,1206.030029,1173.5,1181.469971,1066.293091,1063658
TCS,09/02/16,1166.800049,1166.800049,1127.800049,1140.699951,1029.497437,2489610
TCS,10/02/16,1137.5,1144.949951,1129.050049,1134.400024,1023.811707,1890732
TCS,11/02/16,1140,1144.5,1085.819946,1098.969971,991.835632,1962408
TCS,12/02/16,1100,1121.699951,1082,1113.300049,1004.768921,2172568
TCS,15/02/16,1125,1153.430054,1120,1134.569946,1023.96521,2479712
TCS,16/02/16,1133,1141,1121.5,1132.780029,1022.349487,1588702
TCS,17/02/16,1132.5,1139.819946,1123.199951,1137.780029,1026.862305,1585178
TCS,18/02/16,1142.5,1159.880005,1139,1157.930054,1045.047974,1529140
TCS,19/02/16,1153.680054,1163.5,1152.719971,1159.819946,1046.753906,879012
TCS,22/02/16,1160.119995,1171.5,1152.5,1157.949951,1045.065918,1324884
TCS,23/02/16,1155.119995,1159.949951,1128.380005,1132,1021.645752,1306852
TCS,24/02/16,1131.219971,1131.219971,1100.599976,1105.469971,997.702087,1659328
TCS,25/02/16,1109.900024,1114,1092.819946,1106.430054,998.568542,1830556
TCS,26/02/16,1114.849976,1128.449951,1099.800049,1105.25,997.503601,1537536
TCS,29/02/16,1118.5,1118.5,1057.5,1088.400024,982.296204,2191718
TCS,01/03/16,1096.5,1142.550049,1081,1138.319946,1027.349609,1999760
TCS,02/03/16,1152.5,1165,1128.119995,1159.430054,1046.401978,1527486
TCS,03/03/16,1168,1195.5,1150.5,1186.569946,1070.895874,2648284
TCS,04/03/16,1190,1190,1174.780029,1178.780029,1063.865479,1512966
TCS,08/03/16,1171.050049,1183.5,1152.099976,1177.150024,1062.394531,1268152
TCS,09/03/16,1170.5,1184.699951,1147.569946,1178.619995,1063.720703,2017784
TCS,10/03/16,1178.030029,1179.930054,1157.469971,1174.150024,1059.686646,1661666
TCS,11/03/16,1170,1195.430054,1167.5,1182.619995,1067.330933,1530528
TCS,14/03/16,1181,1199,1170,1177.5,1062.710083,1636742
TCS,15/03/16,1174.530029,1181.75,1160.050049,1164.949951,1051.383667,1623356
TCS,16/03/16,1157.5,1166,1153.449951,1163.530029,1050.102173,1918246
TCS,17/03/16,1167,1180.900024,1166,1176.030029,1061.383545,2221088
TCS,18/03/16,1180,1215,1180,1212.930054,1094.686035,3204070
TCS,21/03/16,1213,1227.469971,1210,1223.119995,1103.882935,2336982
TCS,22/03/16,1221,1242.5,1218.25,1236.550049,1116.003784,1951984
TCS,23/03/16,1243.949951,1243.949951,1228.650024,1236.900024,1116.319458,2278434
TCS,28/03/16,1245.5,1258.569946,1230.780029,1236.699951,1116.138916,3320882
TCS,29/03/16,1239,1243.469971,1227.5,1234.699951,1114.333984,1838796
TCS,30/03/16,1235.449951,1252.5,1230,1244.75,1123.404175,2136504
TCS,31/03/16,1239.150024,1275,1236.069946,1260.150024,1137.302734,4363964
TCS,01/04/16,1252.5,1260.430054,1217.050049,1226.949951,1107.339355,3041400
TCS,04/04/16,1228,1244,1223.5,1235.619995,1115.164429,1752352
TCS,05/04/16,1235.400024,1242.449951,1221.030029,1231.380005,1111.337646,1491794
TCS,06/04/16,1235,1244.5,1229.680054,1240.949951,1119.974487,1763150
TCS,07/04/16,1240,1242.349976,1228.5,1235.400024,1114.965698,2390942
TCS,08/04/16,1233,1236.849976,1213.5,1216.030029,1097.484009,1399500
TCS,11/04/16,1216.5,1258.5,1206.5,1253.319946,1131.138794,2400648
TCS,12/04/16,1249,1262.5,1244.050049,1259.069946,1136.328125,1303628
TCS,13/04/16,1265,1272.5,1256.25,1263.099976,1139.96521,1601468
TCS,18/04/16,1226.5,1276.75,1220,1259.880005,1137.059326,7121504
TCS,20/04/16,1267.449951,1267.449951,1220,1225.180054,1105.74231,6405024
TCS,21/04/16,1225.5,1233.699951,1206.099976,1212.199951,1094.027222,2525724
TCS,22/04/16,1209.5,1217.699951,1202.099976,1208.530029,1090.71521,1964126
TCS,25/04/16,1201.150024,1228.530029,1201.150024,1225.619995,1106.139038,2267654
TCS,26/04/16,1224.5,1246.75,1221,1244.900024,1123.539429,2554368
TCS,27/04/16,1240,1257.300049,1237.949951,1255.550049,1133.151489,1848670
TCS,28/04/16,1250.650024,1270,1249.050049,1263.880005,1140.669312,4992744
TCS,29/04/16,1258.5,1271,1255,1267.75,1144.161865,2372178
TCS,02/05/16,1264.5,1265,1250,1263.349976,1140.190918,1116692
TCS,03/05/16,1262.5,1265,1236,1239.050049,1118.26001,2153118
TCS,04/05/16,1236.949951,1247.030029,1228.5,1239,1118.2146,1364892
TCS,05/05/16,1239,1244.969971,1231.780029,1235.150024,1114.740356,1246566
TCS,06/05/16,1232.5,1242.150024,1215.5,1236.699951,1116.138916,885598
TCS,09/05/16,1236.699951,1259,1228.199951,1256.280029,1133.810059,1821276
TCS,10/05/16,1257.5,1266.969971,1248,1261.449951,1138.476074,1158534
TCS,11/05/16,1250,1262.800049,1245,1259.150024,1136.400513,1598716
TCS,12/05/16,1260.280029,1284.949951,1260.280029,1283.099976,1158.015747,1513082
TCS,13/05/16,1282.5,1283,1255.069946,1261.699951,1138.70166,1621730
TCS,16/05/16,1269,1282.400024,1261.25,1275.569946,1151.219849,1111526
TCS,17/05/16,1282.099976,1295.619995,1276,1285.099976,1159.820679,1756698
TCS,18/05/16,1282.930054,1282.930054,1263.030029,1275.550049,1151.20166,1500740
TCS,19/05/16,1277.5,1280,1263.050049,1278.469971,1153.837036,1038792
TCS,20/05/16,1271.150024,1282.900024,1261.400024,1264.650024,1141.364014,1230918
TCS,23/05/16,1272,1272.949951,1240.099976,1245.719971,1124.279785,1533016
TCS,24/05/16,1242,1244.119995,1229.800049,1233.849976,1113.567017,1339158
TCS,25/05/16,1240.5,1266.469971,1240.5,1263.219971,1140.073608,1548678
TCS,26/05/16,1265,1282.449951,1252.550049,1274.349976,1150.118774,1943248
TCS,27/05/16,1276.569946,1289.930054,1275.300049,1286.319946,1160.921631,1104676
TCS,30/05/16,1291.5,1320.969971,1291,1318.199951,1189.69397,1349464
TCS,31/05/16,1320,1323.5,1281,1284.699951,1159.459717,3722608
TCS,01/06/16,1285.599976,1322.5,1285.5,1316.780029,1188.412354,1911942
TCS,02/06/16,1300,1327.150024,1300,1325.069946,1195.894165,1408756
TCS,03/06/16,1325.699951,1329,1310.25,1314.780029,1186.6073,1554922
TCS,06/06/16,1310.25,1319.5,1301.599976,1306.25,1203.626099,1322026
TCS,07/06/16,1307,1319.5,1306.5,1315.569946,1212.213989,1202194
TCS,08/06/16,1308.619995,1314.280029,1302.75,1306.550049,1203.90271,938266
TCS,09/06/16,1311.199951,1311.199951,1277.599976,1288.619995,1187.381226,1562138
TCS,10/06/16,1283,1301.619995,1276.599976,1277.880005,1177.484985,1396832
TCS,13/06/16,1270,1276.680054,1259,1273.5,1173.449219,1029978
TCS,14/06/16,1279.469971,1279.469971,1259.119995,1267.430054,1167.855957,977570
TCS,15/06/16,1265,1282.449951,1261,1278.430054,1177.991943,1270844
TCS,16/06/16,1272.780029,1282.349976,1258.219971,1279.150024,1178.655151,1145070
TCS,17/06/16,1279.5,1305,1279.5,1301.300049,1199.065063,1878988
TCS,20/06/16,1301.300049,1334,1295.900024,1329.650024,1225.187866,1872838
TCS,21/06/16,1331.75,1332.5,1320.699951,1325.599976,1221.455811,1027690
TCS,22/06/16,1325,1338.849976,1315.880005,1333.819946,1229.030273,1761712
TCS,23/06/16,1327.5,1329.75,1312.650024,1322.680054,1218.765381,1397014
TCS,24/06/16,1282.569946,1296.599976,1257.069946,1286.969971,1185.86084,3766586
TCS,27/06/16,1273.5,1273.5,1241.319946,1247.930054,1149.888062,4272566
TCS,28/06/16,1247.930054,1251.449951,1229.199951,1231.969971,1135.181763,4499524
TCS,29/06/16,1237.5,1256.25,1232.650024,1251.449951,1153.131348,2531264
TCS,30/06/16,1261,1281.449951,1250.180054,1276.550049,1176.259644,5121812
TCS,01/07/16,1281,1282.300049,1247.180054,1250.430054,1152.19165,2197296
TCS,04/07/16,1258,1262.930054,1241,1247.099976,1149.123169,1883484
TCS,05/07/16,1247.099976,1248.530029,1238.569946,1242.650024,1145.023071,1559748
TCS,07/07/16,1243.849976,1245.930054,1212.5,1214.900024,1119.452881,3316800
TCS,08/07/16,1217.5,1221.030029,1201.75,1213.300049,1117.978638,2456356
TCS,11/07/16,1215,1235.900024,1213.5,1232.069946,1135.274048,1543632
TCS,12/07/16,1235.849976,1237.5,1217.930054,1232.469971,1135.6427,1465536
TCS,13/07/16,1239,1249.619995,1225.619995,1246.550049,1148.616577,2102300
TCS,14/07/16,1243,1264.5,1235.5,1260.949951,1161.885132,2699988
TCS,15/07/16,1258.5,1263.900024,1213.280029,1222.680054,1126.62207,8336366
TCS,18/07/16,1223.5,1234.5,1215.300049,1216.719971,1121.130127,2598850
TCS,19/07/16,1213.75,1236.400024,1213.75,1233.099976,1136.2229,2362896
TCS,20/07/16,1225,1251.25,1224.069946,1247.469971,1149.464111,2815252
TCS,21/07/16,1244.75,1259.75,1232.219971,1253.030029,1154.587524,2527148
TCS,22/07/16,1249.449951,1262,1246,1257.550049,1158.752075,1517216
TCS,25/07/16,1256,1281.599976,1252.900024,1279.469971,1185.075684,1688796
TCS,26/07/16,1279.469971,1284,1266.5,1276.300049,1182.139404,2311290
TCS,27/07/16,1277.5,1290.199951,1272.5,1288.780029,1193.69873,1750510
TCS,28/07/16,1290.25,1314.780029,1288.530029,1309.619995,1213.001099,4632080
TCS,29/07/16,1307,1317.449951,1299.5,1309.650024,1213.029175,2488084
TCS,01/08/16,1316,1362.5,1316,1354.119995,1254.218262,3961704
TCS,02/08/16,1351.449951,1357.849976,1344.900024,1349.599976,1250.031616,2578162
TCS,03/08/16,1343,1349.5,1324.530029,1328.150024,1230.164063,2294702
TCS,04/08/16,1335,1341.469971,1318.119995,1326,1228.172852,1415416
TCS,05/08/16,1336.949951,1342.150024,1316,1324.550049,1226.829712,1868484
TCS,08/08/16,1320,1334,1314.530029,1324.75,1227.015015,2058244
TCS,09/08/16,1329,1329.900024,1289.430054,1325.099976,1227.339111,2261914
TCS,10/08/16,1325.5,1341,1324,1337.699951,1239.009399,2062078
TCS,11/08/16,1332.780029,1357.5,1332.780029,1354.949951,1254.986816,2233138
TCS,12/08/16,1352.5,1372.400024,1351.030029,1369.219971,1268.204224,2327358
TCS,16/08/16,1369,1370,1336.930054,1345.849976,1246.558228,3183754
TCS,17/08/16,1349.5,1349.5,1309,1312.280029,1215.464966,1848566
TCS,18/08/16,1317.5,1328.780029,1315.050049,1319.280029,1221.948608,1292064
TCS,19/08/16,1320,1323.219971,1300,1301.75,1205.711914,2416244
TCS,22/08/16,1294,1297.219971,1268.150024,1274.349976,1180.333374,2265274
TCS,23/08/16,1272.469971,1302.469971,1270.099976,1300.530029,1204.581787,1503374
TCS,24/08/16,1294.900024,1301,1284.530029,1286.030029,1191.151367,1116878
TCS,25/08/16,1290,1294.849976,1263,1275.530029,1181.42627,1939690
TCS,26/08/16,1279.900024,1286.280029,1258.599976,1262.469971,1169.329834,1250314
TCS,29/08/16,1267.469971,1267.469971,1233.380005,1250.280029,1158.039307,1488728
TCS,30/08/16,1255,1274.900024,1250.619995,1272.069946,1178.221558,1444026
TCS,31/08/16,1275,1275,1250.430054,1255.650024,1163.012939,3231668
TCS,01/09/16,1262.449951,1267.469971,1243.530029,1253.75,1161.253174,1345736
TCS,02/09/16,1256,1259.699951,1248.030029,1257.400024,1164.634033,1742330
TCS,06/09/16,1259.949951,1260.069946,1240,1242.030029,1150.397705,2239066
TCS,07/09/16,1249.849976,1249.849976,1211.5,1220.280029,1130.252197,3854040
TCS,08/09/16,1180,1180,1142.380005,1161.050049,1075.392334,7021516
TCS,09/09/16,1164.849976,1183.319946,1160.030029,1176.219971,1089.442871,2742438
TCS,12/09/16,1168.5,1181.969971,1162,1179.530029,1092.508789,2024454
TCS,14/09/16,1181,1188.800049,1155,1164.219971,1078.328125,2069858
TCS,15/09/16,1169.969971,1171.050049,1158.380005,1163.469971,1077.633545,2818964
TCS,16/09/16,1168.349976,1188,1160,1180.849976,1093.731201,4358004
TCS,19/09/16,1182.5,1213.5,1175,1205.719971,1116.766479,2802546
TCS,20/09/16,1205.5,1208.449951,1192.699951,1203.25,1114.47876,1184552
TCS,21/09/16,1203.849976,1212,1200.349976,1206.699951,1117.67395,1678020
TCS,22/09/16,1212.619995,1214,1185.550049,1189,1101.280029,2857574
TCS,23/09/16,1191,1201.930054,1185.569946,1199.050049,1110.588501,1800726
TCS,26/09/16,1200.550049,1209.550049,1197.5,1200.550049,1111.978027,1753476
TCS,27/09/16,1200.550049,1224,1200.550049,1218.050049,1128.187134,2038792
TCS,28/09/16,1215.5,1218.75,1207.599976,1211.530029,1122.147827,1731328
TCS,29/09/16,1217.5,1228.25,1209.800049,1218.900024,1128.973999,3603958
TCS,30/09/16,1218.530029,1224.900024,1211.550049,1215.400024,1125.732544,2175364
TCS,03/10/16,1225,1228.819946,1200.550049,1205.849976,1116.887085,1818880
TCS,04/10/16,1210,1212.530029,1199,1202.569946,1113.849121,1780718
TCS,05/10/16,1204,1207.699951,1188.050049,1193.180054,1105.151855,1176354
TCS,06/10/16,1197.5,1201.199951,1186.380005,1194.380005,1106.263184,2267572
TCS,07/10/16,1194,1194,1179.099976,1183.900024,1096.556274,1816512
TCS,10/10/16,1184.949951,1193.449951,1177.530029,1190.150024,1102.345215,1202142
TCS,13/10/16,1181.650024,1184.949951,1160.449951,1164.449951,1078.541138,5173334
TCS,14/10/16,1157.5,1193.5,1145.5,1183.099976,1095.815186,7741214
TCS,17/10/16,1184.449951,1187.900024,1172.199951,1181.219971,1094.073975,2728346
TCS,18/10/16,1188,1207.849976,1177.400024,1200.099976,1111.561035,2128632
TCS,19/10/16,1200.5,1205,1185.150024,1197.550049,1109.199097,1985058
TCS,20/10/16,1198.449951,1204.680054,1193,1200.569946,1111.99646,1265854
TCS,21/10/16,1200,1215.949951,1199.119995,1214.319946,1124.731934,1259660
TCS,24/10/16,1214.099976,1217.449951,1201.280029,1213.849976,1130.34729,1253190
TCS,25/10/16,1202.5,1207.300049,1190.5,1199.219971,1116.723633,1772466
TCS,26/10/16,1199.300049,1201.380005,1186.25,1198.119995,1115.699341,1437130
TCS,27/10/16,1189.849976,1214.75,1182.75,1209.050049,1125.877686,2941602
TCS,28/10/16,1205,1207.550049,1194,1199.349976,1116.844727,1752102
TCS,01/11/16,1199.849976,1199.849976,1167.069946,1175,1094.169678,2934776
TCS,02/11/16,1170.5,1172,1147.5,1152.030029,1072.780273,2325076
TCS,03/11/16,1147,1167.5,1142.25,1159.719971,1079.94104,1463310
TCS,04/11/16,1160,1168.069946,1147,1165.280029,1085.11853,1183752
TCS,07/11/16,1168.949951,1172.449951,1130.030029,1138.530029,1060.208618,2048052
TCS,08/11/16,1140.219971,1153.5,1130,1141.599976,1063.067383,1933634
TCS,09/11/16,1090,1137.5,1071.430054,1084.930054,1010.295837,4500226
TCS,10/11/16,1102.400024,1108.75,1070.400024,1077.719971,1003.581848,2172426
TCS,11/11/16,1073.530029,1073.530029,1043.099976,1050.569946,978.299438,2398424
TCS,15/11/16,1058.449951,1078.780029,1025.949951,1060.650024,987.686035,6290324
TCS,16/11/16,1072.550049,1104.449951,1069,1094.800049,1019.486755,4019958
TCS,17/11/16,1092.5,1104.300049,1065.069946,1068.599976,995.089294,2504688
TCS,18/11/16,1071,1075,1052.099976,1062.550049,989.455566,2140534
TCS,21/11/16,1063.099976,1070,1052.5,1066.449951,993.087097,1793366
TCS,22/11/16,1066,1088.719971,1061.030029,1067.5,994.065186,1318860
TCS,23/11/16,1074.5,1081.469971,1063.599976,1078.180054,1004.010376,1275808
TCS,24/11/16,1077.449951,1103.800049,1068.5,1094.219971,1018.946716,3026234
TCS,25/11/16,1106,1153.619995,1096.099976,1150.180054,1071.057129,4276148
TCS,28/11/16,1147,1159.719971,1125.949951,1141.300049,1062.78833,1924296
TCS,29/11/16,1137.5,1146,1126.280029,1129.930054,1052.200195,1442296
TCS,30/11/16,1132.5,1147.380005,1121.150024,1138.030029,1059.743164,3445832
TCS,01/12/16,1138.5,1145,1127.030029,1131.719971,1053.867188,1123052
TCS,02/12/16,1129,1135.400024,1102.599976,1110.930054,1034.507202,1998032
TCS,05/12/16,1114.5,1118.930054,1085,1093,1017.810608,2249526
TCS,06/12/16,1095,1101.969971,1084.949951,1091.180054,1016.116089,1593444
TCS,07/12/16,1091.099976,1092.219971,1072.819946,1077.280029,1003.17218,2065706
TCS,08/12/16,1080.25,1099.5,1080,1097.880005,1022.355164,3239546
TCS,09/12/16,1102.5,1109.949951,1086.650024,1097.619995,1022.112915,1588718
TCS,12/12/16,1097.400024,1108.800049,1081.5,1104.099976,1028.147217,1311758
TCS,13/12/16,1109,1109,1091.5,1100.150024,1024.468994,2147534
TCS,14/12/16,1107,1112.349976,1094.5,1103.800049,1027.86792,1870366
TCS,15/12/16,1101,1136.050049,1101,1129.650024,1051.939575,4295410
TCS,16/12/16,1138.5,1145,1126,1141.319946,1062.806641,1987230
TCS,19/12/16,1140,1148.849976,1130.650024,1144.449951,1065.721313,1334210
TCS,20/12/16,1146,1172.5,1143.530029,1169.650024,1089.18811,2922760
TCS,21/12/16,1171.900024,1171.900024,1152.800049,1156.800049,1077.221924,2034902
TCS,22/12/16,1153,1162.5,1143.099976,1153.849976,1074.474731,1868300
TCS,23/12/16,1150,1158.880005,1139.400024,1144.050049,1065.348877,1118954
TCS,26/12/16,1133,1150.800049,1133,1146.550049,1067.677002,897408
TCS,27/12/16,1140.75,1165,1140.75,1161.699951,1081.78479,1294692
TCS,28/12/16,1163.349976,1174.949951,1151.569946,1156.699951,1077.12854,1350418
TCS,29/12/16,1151.5,1179.949951,1151.5,1175.849976,1094.961426,1963516
TCS,30/12/16,1177.449951,1189.300049,1172.819946,1182.780029,1101.414673,1405748
TCS,02/01/17,1183.300049,1187.550049,1176.199951,1180.680054,1099.459229,823132
TCS,03/01/17,1180.619995,1185.849976,1171.650024,1184.119995,1102.662476,1475324
TCS,04/01/17,1184.849976,1194.430054,1179.150024,1189.75,1107.905151,1420066
TCS,05/01/17,1192,1194.969971,1160.199951,1167.199951,1086.906128,2216404
TCS,06/01/17,1160.5,1164.680054,1128.550049,1140.699951,1062.229492,3009896
TCS,09/01/17,1137.5,1155.650024,1128.5,1151.849976,1072.612427,1854578
TCS,10/01/17,1152,1164.900024,1145.75,1157.680054,1078.041382,1533914
TCS,11/01/17,1157.5,1164.800049,1140.099976,1162.199951,1082.250244,1931296
TCS,12/01/17,1162.199951,1180,1152,1172.180054,1091.544067,2570374
TCS,13/01/17,1174,1178.969971,1118.930054,1124.650024,1047.283447,10235580
TCS,16/01/17,1125,1136.949951,1114,1129.280029,1051.594971,3364808
TCS,17/01/17,1127.449951,1143.900024,1126.400024,1139.380005,1061,3009956
TCS,18/01/17,1139,1149,1132.719971,1147.550049,1068.608276,3136574
TCS,19/01/17,1147.5,1147.569946,1141.469971,1145.5,1066.699219,2251676
TCS,20/01/17,1143.5,1150,1132.5,1142.680054,1064.073364,2037246
TCS,23/01/17,1132.5,1156.75,1129.900024,1153.349976,1080.153442,2318546
TCS,24/01/17,1152,1161.5,1145,1159.180054,1085.613403,2282638
TCS,25/01/17,1161.300049,1180,1159.030029,1176.5,1101.834229,4111648
TCS,27/01/17,1172.530029,1189.380005,1172.530029,1178.900024,1104.081909,2871658
TCS,30/01/17,1170.5,1175.969971,1159.069946,1166.449951,1092.421997,2577956
TCS,31/01/17,1160,1166.030029,1100.030029,1114.900024,1044.143799,4666804
TCS,01/02/17,1110,1119.969971,1077.780029,1083.949951,1015.157776,4864152
TCS,02/02/17,1085.030029,1109.5,1076.5,1103.819946,1033.766602,6009482
TCS,03/02/17,1104.849976,1121.5,1095.5,1116.280029,1045.436035,2153372
TCS,06/02/17,1129,1129.25,1107.469971,1120.380005,1049.275879,2408910
TCS,07/02/17,1122,1126.300049,1113,1122.300049,1051.074097,1814638
TCS,08/02/17,1122.449951,1141.300049,1122.030029,1135.469971,1063.408203,2212584
TCS,09/02/17,1137.5,1164,1135.099976,1158.650024,1085.117188,4033202
TCS,10/02/17,1155.5,1212.219971,1155.5,1198.969971,1122.87793,5782160
TCS,13/02/17,1198,1214.5,1191.180054,1207.119995,1130.510742,3819812
TCS,14/02/17,1209.819946,1209.819946,1199,1203.119995,1126.764771,2033328
TCS,15/02/17,1198.5,1214,1187.550049,1206.849976,1130.258057,1924972
TCS,16/02/17,1230,1239,1217.800049,1223.880005,1146.20752,4175680
TCS,17/02/17,1236,1237.800049,1201,1203.949951,1127.542114,2723324
TCS,20/02/17,1212.5,1277.5,1204.050049,1251.099976,1171.699829,3973948
TCS,21/02/17,1257,1262.949951,1227.569946,1232.680054,1154.448975,5501112
TCS,22/02/17,1232.949951,1235,1200.069946,1205.75,1129.227905,4505496
TCS,23/02/17,1207.5,1246.619995,1207.5,1240.900024,1162.147339,4853352
TCS,27/02/17,1239.550049,1251,1235.030029,1244.930054,1165.921509,2139892
TCS,28/02/17,1244.75,1245,1225,1233.119995,1154.860718,2354828
TCS,01/03/17,1239.949951,1250.949951,1235,1239.780029,1161.098267,1130374
TCS,02/03/17,1243.349976,1255,1235.030029,1250.719971,1171.343994,1544942
TCS,03/03/17,1246,1249.849976,1237.699951,1247.030029,1167.888062,1013970
TCS,06/03/17,1240,1242,1227.280029,1236.25,1157.792358,1400694
TCS,07/03/17,1241.449951,1252.5,1237.530029,1249.900024,1170.575806,1511672
TCS,08/03/17,1251,1260,1246.099976,1256.099976,1176.382446,1791510
TCS,09/03/17,1257.069946,1262,1252.030029,1259.880005,1179.922485,858468
TCS,10/03/17,1259.800049,1274.780029,1256.969971,1271.119995,1190.449219,1171420
TCS,14/03/17,1278.400024,1293.569946,1275.530029,1283.75,1202.27771,3402294
TCS,15/03/17,1286,1286.069946,1246.930054,1249.150024,1169.873535,3022496
TCS,16/03/17,1253,1263.5,1253,1260.449951,1180.456421,1571818
TCS,17/03/17,1273,1273,1254.880005,1262.880005,1182.732178,2593152
TCS,20/03/17,1262.969971,1262.969971,1233,1240,1161.304077,3487540
TCS,21/03/17,1241,1246,1232.5,1243.349976,1164.44165,3373700
TCS,22/03/17,1240.069946,1248,1234.969971,1239.469971,1160.807861,1888716
TCS,23/03/17,1241,1242.530029,1223.599976,1230.180054,1152.107666,2620638
TCS,24/03/17,1234.900024,1234.900024,1211.650024,1213.599976,1136.579834,5099814
TCS,27/03/17,1213.469971,1220,1203,1206.030029,1129.490356,2181270
TCS,28/03/17,1205,1221.699951,1205,1214.969971,1137.862915,1153158
TCS,29/03/17,1218,1225.400024,1212.800049,1222.300049,1144.727661,1717764
TCS,30/03/17,1222.449951,1232.5,1217.5,1220.5,1143.04187,2986086
TCS,31/03/17,1219.199951,1220.430054,1207.5,1215.900024,1138.733887,1867044
TCS,03/04/17,1217.5,1217.5,1204.099976,1205.849976,1129.321655,1196888
TCS,05/04/17,1209.949951,1209.949951,1197.5,1200.619995,1124.423584,2905568
TCS,06/04/17,1200,1205,1196.280029,1200.030029,1123.871094,1720704
TCS,07/04/17,1197.449951,1216.619995,1196.069946,1214.530029,1137.450806,2277012
TCS,10/04/17,1216,1224.5,1202.5,1211.119995,1134.257202,2543264
TCS,11/04/17,1208.650024,1221.550049,1203,1209.650024,1132.880615,1557784
TCS,12/04/17,1211.25,1214,1191.5,1196.619995,1120.67749,1050538
TCS,13/04/17,1200,1204.5,1160.530029,1164.319946,1090.427124,2500472
TCS,17/04/17,1165.199951,1166.449951,1147.569946,1157.430054,1083.974487,2270882
TCS,18/04/17,1165,1167.099976,1151.030029,1154.400024,1081.136841,1730620
TCS,19/04/17,1131.75,1174.349976,1126.400024,1149.569946,1076.613281,5626812
TCS,20/04/17,1152.650024,1166,1145.469971,1162.75,1088.956787,1268842
TCS,21/04/17,1164.550049,1167.819946,1150.5,1155.400024,1082.073364,1161154
TCS,24/04/17,1150,1169.819946,1141.25,1164.050049,1090.174194,2000020
TCS,25/04/17,1164,1172.219971,1151.349976,1155.75,1082.401367,3148710
TCS,26/04/17,1170,1171.969971,1151.530029,1155.180054,1081.867676,2187438
TCS,27/04/17,1153.030029,1163.900024,1138.819946,1151.319946,1078.252319,5773186
TCS,28/04/17,1147,1149.380005,1134,1136.569946,1064.438354,2540510
TCS,02/05/17,1147,1151,1140,1144.949951,1072.286621,2382696
TCS,03/05/17,1147.5,1172.5,1134.25,1168.650024,1094.482544,3514406
TCS,04/05/17,1174.969971,1175,1154.400024,1165.050049,1091.110962,2708208
TCS,05/05/17,1154,1166.25,1151.25,1160.25,1086.615601,1682474
TCS,08/05/17,1160.5,1173.699951,1158.849976,1171.219971,1096.889282,1071782
TCS,09/05/17,1171.969971,1180.5,1166.280029,1176.280029,1101.628174,1790270
TCS,10/05/17,1177.5,1178.069946,1158,1166.219971,1092.206543,1206388
TCS,11/05/17,1173.650024,1180,1161.380005,1174.719971,1100.167236,2071302
TCS,12/05/17,1171.650024,1184.949951,1160.030029,1180.319946,1105.411743,2314446
TCS,15/05/17,1187.550049,1188.969971,1170.800049,1182.550049,1107.500488,1817604
TCS,16/05/17,1190,1217.5,1186.719971,1214.569946,1137.488281,3601026
TCS,17/05/17,1216.75,1230.380005,1211.5,1227.680054,1149.766113,2876198
TCS,18/05/17,1225,1286,1221.119995,1268.099976,1187.62085,5138594
TCS,19/05/17,1268.099976,1270.280029,1243,1253.569946,1174.013062,1786044
TCS,22/05/17,1255,1276.880005,1255,1265.680054,1185.35437,1663940
TCS,23/05/17,1266.599976,1282.069946,1257,1260.849976,1180.830811,2748596
TCS,24/05/17,1267.400024,1285,1264.819946,1279.569946,1198.363037,2534548
TCS,25/05/17,1288.5,1318.780029,1284,1312.300049,1229.015869,4094094
TCS,26/05/17,1312.5,1313.430054,1282.319946,1289.119995,1207.306885,1362550
TCS,29/05/17,1289.5,1298.25,1282,1286.430054,1204.787598,1749290
TCS,30/05/17,1280,1287.969971,1262.5,1275.550049,1194.598145,927634
TCS,31/05/17,1266.5,1286.25,1264,1273.300049,1192.491089,2502730
TCS,01/06/17,1265,1282,1265,1276.800049,1195.768921,1080064
TCS,02/06/17,1278.119995,1295.930054,1276.25,1282.449951,1201.060181,1355648
TCS,05/06/17,1282.5,1309.949951,1280.069946,1301.969971,1219.341675,1500188
TCS,06/06/17,1315.5,1354.469971,1315,1348,1262.450195,5946720
TCS,07/06/17,1348.5,1350,1288.280029,1307.619995,1224.632935,4927776
TCS,08/06/17,1299,1302.469971,1257.75,1260.800049,1180.784302,3330714
TCS,09/06/17,1260,1273.699951,1243,1253.5,1173.947632,3148034
TCS,12/06/17,1248.5,1256.449951,1235.199951,1243.599976,1164.675781,1626506
TCS,13/06/17,1232.5,1240.550049,1223.5,1225.780029,1173.946777,1175414
TCS,14/06/17,1227.5,1238,1227.5,1235.099976,1182.872314,1489142
TCS,15/06/17,1234.5,1234.849976,1202.5,1205.599976,1154.619751,2997198
TCS,16/06/17,1207.469971,1217.5,1193.25,1199.849976,1149.112793,2450426
TCS,19/06/17,1208.449951,1223.180054,1202.569946,1215.849976,1164.436279,1644742
TCS,20/06/17,1215.5,1224.5,1190.150024,1222.5,1170.805054,1670958
TCS,21/06/17,1220,1221.069946,1198.599976,1203.150024,1152.273438,1657818
TCS,22/06/17,1204.5,1215.5,1192.5,1197.430054,1146.795166,5775882
TCS,23/06/17,1199.699951,1206.969971,1177,1180.849976,1130.91626,1424756
TCS,27/06/17,1175.300049,1192.349976,1165.800049,1171.430054,1121.894897,1974330
TCS,28/06/17,1174.949951,1179,1167.5,1175.030029,1125.342651,1789726
TCS,29/06/17,1179.5,1186.030029,1161.550049,1166.619995,1117.288208,2471826
TCS,30/06/17,1162.199951,1188.5,1161.550049,1181.180054,1131.232422,1753848
TCS,03/07/17,1178.699951,1191.530029,1171.550049,1186.800049,1136.614868,1475956
TCS,04/07/17,1186.650024,1190.219971,1175.030029,1183.430054,1133.387451,1215134
TCS,05/07/17,1180.400024,1182.5,1172.5,1178,1128.187012,815856
TCS,06/07/17,1179.5,1180.949951,1170.050049,1173.780029,1124.145264,1026788
TCS,07/07/17,1175,1178.219971,1162.75,1165.969971,1116.665527,1232090
TCS,10/07/17,1203,1222.449951,1189.469971,1217.469971,1165.987793,783608
TCS,11/07/17,1213,1257.400024,1213,1237.900024,1185.554077,3537504
TCS,12/07/17,1241.25,1241.650024,1215.050049,1219.719971,1168.1427,2646450
TCS,13/07/17,1222.5,1236,1213.300049,1223.199951,1171.475586,3131960
TCS,14/07/17,1191.5,1212.5,1187.5,1198.719971,1148.03064,4508432
TCS,17/07/17,1198.849976,1211.050049,1191.099976,1197.719971,1147.072998,2211822
TCS,18/07/17,1198.069946,1221.5,1198.069946,1204.180054,1153.26001,1908002
TCS,19/07/17,1207.75,1230,1207.550049,1224.800049,1173.007935,3915576
TCS,20/07/17,1224.619995,1228.449951,1215.25,1222.349976,1170.661621,1182504
TCS,21/07/17,1217.449951,1250,1217.280029,1245.599976,1192.928223,2148416
TCS,24/07/17,1241,1270,1241,1265.349976,1218.691895,2271402
TCS,25/07/17,1262.880005,1290,1259.199951,1285.75,1238.339844,2678832
TCS,26/07/17,1280,1287.5,1273.5,1278,1230.87561,1459826
TCS,27/07/17,1271.099976,1292.400024,1233.25,1240.849976,1195.095337,4255304
TCS,28/07/17,1240.5,1246.530029,1221,1242.150024,1196.347534,1382752
TCS,31/07/17,1235.5,1259.5,1231.5,1245.900024,1199.958984,2019662
TCS,01/08/17,1250,1260.380005,1245.5,1250.819946,1204.697632,1747460
TCS,02/08/17,1250,1254,1231,1236.900024,1191.291016,1251024
TCS,03/08/17,1240,1251,1233.219971,1244.719971,1198.822632,1882548
TCS,04/08/17,1245.400024,1264.150024,1244,1261.400024,1214.887573,1387890
TCS,07/08/17,1258.25,1260,1240.599976,1251.719971,1205.564453,1885520
TCS,08/08/17,1256,1264.300049,1248.150024,1251.530029,1205.381592,1073958
TCS,09/08/17,1250,1261.430054,1246.650024,1256,1209.686646,992946
TCS,10/08/17,1254.5,1260.300049,1243.180054,1255.719971,1209.417114,1526172
TCS,11/08/17,1249.949951,1267.5,1241.5,1248.030029,1202.010742,1394736
TCS,14/08/17,1251.5,1254.949951,1231.5,1234.699951,1189.172119,786504
TCS,16/08/17,1242,1271.900024,1232.599976,1246.180054,1200.22876,1373340
TCS,17/08/17,1250.349976,1252.5,1231.050049,1242.819946,1196.992676,1752374
TCS,18/08/17,1237,1274.949951,1235.699951,1256.900024,1210.553345,2837356
TCS,21/08/17,1252.75,1274.5,1247.150024,1264.400024,1217.776855,2304834
TCS,22/08/17,1261.5,1269.75,1246,1248.780029,1202.733032,1131326
TCS,23/08/17,1252.5,1258.400024,1236.569946,1244.719971,1198.822632,1562272
TCS,24/08/17,1248.849976,1258.969971,1243.069946,1248.300049,1202.27063,1623908
TCS,28/08/17,1252.300049,1252.699951,1230.5,1243.650024,1197.791992,2036796
TCS,29/08/17,1241,1248,1231.969971,1235.430054,1189.875366,1312602
TCS,30/08/17,1240.5,1245,1230.050049,1242.280029,1196.472656,970782
TCS,31/08/17,1242.5,1252.199951,1233.319946,1248.180054,1202.155151,1784664
TCS,01/09/17,1240,1249.030029,1218.280029,1228.219971,1182.93103,1702330
TCS,04/09/17,1226.550049,1230.5,1219,1228.099976,1182.815552,1062544
TCS,05/09/17,1230,1245,1218.530029,1242.180054,1196.376343,1165994
TCS,06/09/17,1234.069946,1237.430054,1225,1226.599976,1181.37085,1228764
TCS,07/09/17,1229,1234.199951,1225.530029,1230.050049,1184.693848,870636
TCS,08/09/17,1226.880005,1237,1226.280029,1235.300049,1189.75,1021134
TCS,11/09/17,1235.599976,1241.469971,1225,1227.219971,1181.967896,732764
TCS,12/09/17,1236.949951,1248.5,1228.5,1244.219971,1198.341064,1396460
TCS,13/09/17,1250,1265.819946,1237.599976,1244.599976,1198.707275,1278980
TCS,14/09/17,1241,1248.800049,1235.949951,1243.469971,1197.618774,1081510
TCS,15/09/17,1249.5,1258.5,1242.5,1253.030029,1206.826294,2944072
TCS,18/09/17,1252.469971,1259.469971,1244.619995,1249.530029,1203.455322,726600
TCS,19/09/17,1252.5,1252.5,1245.75,1249.119995,1203.060547,782754
TCS,20/09/17,1257,1257,1237.150024,1246.780029,1200.806763,1334642
TCS,21/09/17,1245.530029,1270.5,1240,1262.449951,1215.898926,2438740
TCS,22/09/17,1259.949951,1263.449951,1246,1251.800049,1205.641602,2435396
TCS,25/09/17,1248.280029,1267,1246.380005,1255.380005,1209.089722,1599558
TCS,26/09/17,1255,1263.199951,1233,1237.319946,1191.695435,1449230
TCS,27/09/17,1245,1256.099976,1236.880005,1247.5,1201.500122,2010356
TCS,28/09/17,1247.349976,1257,1226,1238.219971,1192.562378,4332866
TCS,29/09/17,1239.5,1242,1210.75,1217.969971,1173.058838,1985014
TCS,03/10/17,1220,1227.150024,1213.530029,1224.219971,1179.078369,1923006
TCS,04/10/17,1224.800049,1227,1212.5,1221.150024,1176.121704,1300778
TCS,05/10/17,1220.5,1221.719971,1212.199951,1214.800049,1170.005981,1684686
TCS,06/10/17,1215,1227.5,1214.030029,1223.319946,1178.211792,1389188
TCS,09/10/17,1220.530029,1233.969971,1220.530029,1227.050049,1181.804199,1773616
TCS,10/10/17,1227.5,1234.969971,1225.619995,1229.619995,1184.279541,1222010
TCS,11/10/17,1230,1257.219971,1228.380005,1250.180054,1204.081421,1527746
TCS,12/10/17,1256.5,1277.5,1253.5,1274.099976,1227.119141,5006356
TCS,13/10/17,1274.099976,1304.469971,1261.5,1279.300049,1232.127563,4066320
TCS,16/10/17,1277.530029,1295,1277.530029,1292.199951,1244.552002,1218590
TCS,17/10/17,1292.5,1307.469971,1288.780029,1297.280029,1249.44458,1443016
TCS,18/10/17,1297.5,1306.819946,1290,1293.300049,1245.61145,1514144
TCS,19/10/17,1296,1297.900024,1285.5,1291.949951,1244.311157,86822
TCS,23/10/17,1292,1314.5,1273.719971,1293.949951,1246.237427,1886088
TCS,24/10/17,1310,1310.449951,1284.530029,1289.199951,1241.662476,1339020
TCS,25/10/17,1289.25,1307,1277.5,1279.949951,1239.483643,1105106
TCS,26/10/17,1267.550049,1284.569946,1258.949951,1269.430054,1229.296387,3007552
TCS,27/10/17,1269,1296.569946,1265.150024,1292.150024,1251.298096,1409270
TCS,30/10/17,1293,1310,1290.849976,1308.099976,1266.743774,1137252
TCS,31/10/17,1300.650024,1320,1300.650024,1312,1270.520386,1592634
TCS,01/11/17,1312,1313.430054,1289.430054,1301.430054,1260.284546,741882
TCS,02/11/17,1304.25,1337,1303.380005,1313.069946,1271.556396,1468422
TCS,03/11/17,1316.199951,1318.349976,1301.400024,1310.050049,1268.631958,666886
TCS,06/11/17,1310,1335.900024,1305.880005,1332.780029,1290.643311,1377000
TCS,07/11/17,1335,1384,1333.030029,1355.030029,1312.190063,2696892
TCS,08/11/17,1361.5,1379.5,1359.119995,1367.5,1324.265747,1402252
TCS,09/11/17,1375,1375,1359.650024,1368.199951,1324.943604,1152432
TCS,10/11/17,1361.099976,1363,1346.680054,1354.380005,1311.560425,1356566
TCS,13/11/17,1351.030029,1388.699951,1351.030029,1379.469971,1335.8573,1496996
TCS,14/11/17,1378.280029,1378.280029,1353.75,1357.300049,1314.388306,1657252
TCS,15/11/17,1353,1377.5,1350.680054,1352.650024,1309.885376,6670834
TCS,16/11/17,1355,1381.5,1343.469971,1373.319946,1329.901733,1653482
TCS,17/11/17,1374.050049,1374.050049,1351.800049,1353.650024,1310.853882,1325464
TCS,20/11/17,1357.5,1363.449951,1347.650024,1351.719971,1308.984619,1014498
TCS,21/11/17,1350.5,1350.5,1333,1336.469971,1294.216797,1527740
TCS,22/11/17,1336.5,1354.849976,1336.199951,1340.319946,1297.94519,1822624
TCS,23/11/17,1340.5,1346.5,1334.5,1340.619995,1298.235474,793470
TCS,24/11/17,1341,1351.449951,1336.550049,1344.030029,1301.537842,2287512
TCS,27/11/17,1344,1347.949951,1331.099976,1342.930054,1300.472778,1856786
TCS,28/11/17,1343,1351.199951,1335,1342.650024,1300.201538,911716
TCS,29/11/17,1338.75,1346.5,1325,1329.069946,1287.050659,1447532
TCS,30/11/17,1326.819946,1333.469971,1311.5,1318.5,1276.814941,4299962
TCS,01/12/17,1317.5,1334,1310.75,1314.969971,1273.396606,1031144
TCS,04/12/17,1311,1329.25,1301.469971,1316.180054,1274.568359,1259104
TCS,05/12/17,1315.5,1325.849976,1314.069946,1317.780029,1276.117676,1167914
TCS,06/12/17,1318,1322.5,1306.430054,1316.650024,1275.02356,1407518
TCS,07/12/17,1316.150024,1322.969971,1307.5,1308.619995,1267.247192,1326300
TCS,08/12/17,1309,1322.5,1298.5,1300.75,1259.626099,1385548
TCS,11/12/17,1304.180054,1336.319946,1304.180054,1330.550049,1288.484131,1008002
TCS,12/12/17,1330.5,1331,1303.699951,1306.069946,1264.777954,1882246
TCS,13/12/17,1305.699951,1325.719971,1300.5,1314.199951,1272.650879,2961458
TCS,14/12/17,1316,1316,1265.550049,1278.900024,1238.466919,5504150
TCS,15/12/17,1281.880005,1292.219971,1268.430054,1272.800049,1232.559814,2718138
TCS,18/12/17,1268.5,1294.469971,1247.180054,1290.25,1249.458008,2180664
TCS,19/12/17,1288,1298.900024,1282.349976,1287.650024,1246.940186,1801952
TCS,20/12/17,1291,1296.380005,1275.319946,1294.469971,1253.544556,1577570
TCS,21/12/17,1293.5,1304,1290.030029,1297.849976,1256.817871,1293648
TCS,22/12/17,1302,1331.949951,1295.099976,1323.380005,1281.540649,3665664
TCS,26/12/17,1343,1344.880005,1315.800049,1324.719971,1282.838135,2175786
TCS,27/12/17,1324.719971,1329.25,1305.25,1309.949951,1268.535278,739284
TCS,28/12/17,1304.400024,1326.75,1302.819946,1313.469971,1271.94397,2605088
TCS,29/12/17,1311.550049,1354.449951,1309.280029,1350.599976,1307.899902,2609542
TCS,01/01/18,1341.150024,1347.400024,1317.5,1322.800049,1280.979126,1351760
TCS,02/01/18,1330,1334.800049,1310.099976,1315.599976,1274.006592,1920290
TCS,03/01/18,1316,1334.5,1315.599976,1319.319946,1277.608887,1257120
TCS,04/01/18,1325,1331,1320,1328.550049,1286.547363,913082
TCS,05/01/18,1325,1349.75,1325,1344.599976,1302.089844,1153706
TCS,08/01/18,1350,1363.430054,1340.930054,1357.199951,1314.291382,1242220
TCS,09/01/18,1357.5,1360.5,1338.280029,1354.5,1311.676636,2149396
TCS,10/01/18,1355.5,1408,1347.319946,1403.300049,1358.93396,3365850
TCS,11/01/18,1405,1410.949951,1391.099976,1395.25,1351.138428,2520744
TCS,12/01/18,1402.5,1402.5,1370.280029,1388.180054,1344.291992,3360314
TCS,15/01/18,1388.569946,1404,1367.530029,1373.050049,1329.640137,1457214
TCS,16/01/18,1378,1430.819946,1375.280029,1425.430054,1380.364136,4267752
TCS,17/01/18,1435,1462.5,1431.069946,1444.469971,1398.802368,4280806
TCS,18/01/18,1448.5,1466.5,1434.030029,1459.099976,1412.969727,2209478
TCS,19/01/18,1465.280029,1491,1451.819946,1479.650024,1432.869995,1820000
TCS,22/01/18,1480.5,1567.349976,1461,1558.199951,1516.109131,4367110
TCS,23/01/18,1557.469971,1571.180054,1545.030029,1551,1509.103638,3239610
TCS,24/01/18,1545,1629.530029,1541.319946,1587.300049,1544.423218,5621538
TCS,25/01/18,1587.5,1589.900024,1540.5,1560.530029,1518.376221,3833844
TCS,29/01/18,1565.699951,1612.5,1561,1599.430054,1556.225464,3141060
TCS,30/01/18,1590,1601.900024,1571.849976,1576.430054,1533.846802,1574758
TCS,31/01/18,1568.5,1575,1549.300049,1556.180054,1514.143677,3043214
TCS,01/02/18,1562,1595,1544.400024,1569.300049,1526.909302,2400630
TCS,02/02/18,1560,1595,1551.719971,1576.819946,1534.226074,2456490
TCS,05/02/18,1555,1594,1538.430054,1551.599976,1509.6875,2757742
TCS,06/02/18,1505,1538.569946,1492.5,1498.619995,1458.13855,2657306
TCS,07/02/18,1513.5,1515.5,1473.719971,1477.530029,1437.618042,2180324
TCS,08/02/18,1489.880005,1513.800049,1479.5,1487.099976,1446.929565,2755004
TCS,09/02/18,1475,1497,1448.319946,1485.849976,1445.713257,2102458
TCS,12/02/18,1489.150024,1511.680054,1477.780029,1483.650024,1443.572876,1974562
TCS,14/02/18,1485,1487.219971,1446.25,1455.900024,1416.572388,2847532
TCS,15/02/18,1465.969971,1471.5,1452.550049,1462.930054,1423.412598,2465236
TCS,16/02/18,1461.5,1499.800049,1461.5,1466.530029,1426.915405,2515756
TCS,19/02/18,1472.5,1476.650024,1447.599976,1461.800049,1422.31311,1568224
TCS,20/02/18,1464,1492.530029,1463.949951,1472.380005,1432.607422,1889068
TCS,21/02/18,1487,1531.300049,1480.030029,1521.150024,1480.059814,3089228
TCS,22/02/18,1526,1539.5,1511.25,1525.099976,1483.903198,3463010
TCS,23/02/18,1525,1544.5,1496.050049,1537.900024,1496.357544,3362500
TCS,26/02/18,1537.5,1544.969971,1510.599976,1515.849976,1474.903076,1363882
TCS,27/02/18,1520.5,1539.280029,1516,1521.180054,1480.089233,1717800
TCS,28/02/18,1517.5,1531.969971,1510.719971,1517.530029,1476.53772,2706864
TCS,01/03/18,1524.5,1530.599976,1510,1518.849976,1477.821899,1718124
TCS,05/03/18,1524.5,1556.819946,1516.469971,1552.930054,1510.981445,2858168
TCS,06/03/18,1561,1563.5,1515.069946,1521.400024,1480.303223,1906764
TCS,07/03/18,1535,1544.5,1509.25,1513.719971,1472.830566,1917772
TCS,08/03/18,1527.449951,1527.449951,1493.75,1501.969971,1461.397949,1951826
TCS,09/03/18,1502.5,1531.599976,1488.599976,1517.050049,1476.070801,1872436
TCS,12/03/18,1521.5,1541.949951,1517.75,1526.069946,1484.846924,2091340
TCS,13/03/18,1462.449951,1469.849976,1436,1443.400024,1404.410156,88067154
TCS,14/03/18,1446.469971,1461.530029,1437.530029,1443.449951,1404.458862,3668668
TCS,15/03/18,1447.5,1451.280029,1427.800049,1434.849976,1396.091187,2348906
TCS,16/03/18,1434.400024,1436,1402.5,1412.849976,1374.685181,7197482
TCS,19/03/18,1414.5,1424,1410,1415.5,1377.263794,3489940
TCS,20/03/18,1410,1436.599976,1409.5,1432.430054,1393.73645,4024984
TCS,21/03/18,1436.25,1442.150024,1425,1428.380005,1389.795898,3907678
TCS,22/03/18,1429.969971,1437.969971,1411.280029,1415.680054,1377.439087,2326094
TCS,23/03/18,1401,1417.050049,1399.030029,1409.069946,1371.007446,3654122
TCS,26/03/18,1409.5,1413.699951,1390.780029,1408.5,1370.452759,2964210
TCS,27/03/18,1412.5,1431.5,1411.530029,1423.849976,1385.388184,2494574
TCS,28/03/18,1417.949951,1437.5,1412.5,1424.569946,1386.088623,6865654
TCS,02/04/18,1420,1457,1420,1454.819946,1415.521606,1662988
TCS,03/04/18,1446.050049,1464.949951,1446.050049,1455.619995,1416.299927,1937290
TCS,04/04/18,1464.719971,1467,1446,1455.449951,1416.134644,2841820
TCS,05/04/18,1463.280029,1481.880005,1460.180054,1478.969971,1439.019287,1809424
TCS,06/04/18,1477,1480,1463.280029,1475.150024,1435.302368,1129018
TCS,09/04/18,1469.849976,1481.75,1457.5,1461.949951,1422.458984,1235866
TCS,10/04/18,1462.849976,1478.619995,1462.849976,1468.800049,1429.124146,1184532
TCS,11/04/18,1475.300049,1512.5,1472.800049,1507.069946,1466.360229,3124416
TCS,12/04/18,1505,1575,1503.969971,1569.619995,1527.220581,6114360
TCS,13/04/18,1575,1620.400024,1566.050049,1576.650024,1534.060791,8179118
TCS,16/04/18,1558,1599.969971,1555.380005,1593.819946,1550.766968,6270274
TCS,17/04/18,1593.819946,1597.469971,1573.599976,1583.300049,1540.531128,3301724
TCS,18/04/18,1583,1596.719971,1572.930054,1579.550049,1536.882324,2433066
TCS,19/04/18,1589.949951,1608.599976,1582.880005,1595.569946,1552.469604,4820952
TCS,20/04/18,1625,1711.180054,1620,1701.219971,1655.265869,18465662
TCS,23/04/18,1712,1778.949951,1694.780029,1704.319946,1658.281982,15185910
TCS,24/04/18,1705,1721.569946,1671.25,1692.819946,1647.092529,8314336
TCS,25/04/18,1692.5,1741.5,1682.530029,1735.119995,1688.249878,8196574
TCS,26/04/18,1733.5,1780,1733.5,1769.619995,1721.818115,12135034
TCS,27/04/18,1762.5,1772,1710,1725.969971,1679.347168,4501330
TCS,30/04/18,1725.969971,1774.5,1718.800049,1766.050049,1718.344604,3458558
TCS,02/05/18,1765.25,1766.099976,1735.650024,1749.880005,1702.611328,3158046
TCS,03/05/18,1754.900024,1763,1735.199951,1740.930054,1693.903198,3761550
TCS,04/05/18,1746,1748.5,1735,1740.380005,1693.368042,2347244
TCS,07/05/18,1745,1745,1705.449951,1710.469971,1664.265869,3484426
TCS,08/05/18,1717.349976,1743.25,1698.349976,1720.599976,1674.122314,2992820
TCS,09/05/18,1720.099976,1747.380005,1720.099976,1744.650024,1697.522583,2615050
TCS,10/05/18,1751.469971,1755.569946,1720.099976,1725.619995,1679.006836,3858678
TCS,11/05/18,1727.099976,1742.5,1721.25,1728.469971,1681.779663,2627876
TCS,14/05/18,1728.5,1735.5,1705.400024,1716.780029,1670.405396,2433894
TCS,15/05/18,1725,1747.900024,1716.849976,1741.199951,1694.165894,1952890
TCS,16/05/18,1739.969971,1754.5,1737.619995,1746.949951,1699.760498,1648450
TCS,17/05/18,1756.469971,1766.569946,1738,1745.900024,1698.738892,2968048
TCS,18/05/18,1740.400024,1758.849976,1729,1751.030029,1703.730225,1874996
TCS,21/05/18,1764.349976,1796,1759.030029,1778.380005,1730.341553,3446178
TCS,22/05/18,1779,1787.469971,1746.849976,1754.449951,1707.057739,1857416
TCS,23/05/18,1762.5,1772.5,1740.5,1747.550049,1700.344116,1507298
TCS,24/05/18,1755,1807.5,1751.180054,1801.849976,1753.17749,2962316
TCS,25/05/18,1812.5,1837.400024,1786.280029,1792.900024,1744.46936,3769772
TCS,28/05/18,1808.25,1808.25,1743,1751.030029,1703.730225,3716798
TCS,29/05/18,1764.949951,1772,1744,1761.75,1714.160767,3525312
TCS,30/05/18,1754.530029,1766.5,1741.25,1757.050049,1709.587646,3779106
TCS,31/05/18,1734,1759.050049,1726.099976,1741.050049,1708.116089,5049371
TCS,01/06/18,1754,1757.5,1716.300049,1732.449951,1699.678589,1603856
TCS,04/06/18,1745,1749,1712.599976,1744.25,1711.255493,1681483
TCS,05/06/18,1744,1751.900024,1711.150024,1721.599976,1689.033936,2449568
TCS,06/06/18,1723,1734.900024,1715.199951,1725.75,1693.105347,2236512
TCS,07/06/18,1725,1749,1723.800049,1735.550049,1702.720093,2414762
TCS,08/06/18,1735,1757.300049,1735,1747.099976,1714.051514,2582138
TCS,11/06/18,1747.099976,1763,1743,1749.699951,1716.602295,2179378
TCS,12/06/18,1757,1785,1753,1781,1747.310303,4608875
TCS,13/06/18,1816,1831.650024,1798,1824.099976,1789.594971,5370983
TCS,14/06/18,1830,1832.300049,1784,1787.550049,1753.736328,3819998
TCS,15/06/18,1800,1847.099976,1788.599976,1840.050049,1805.24353,9183574
TCS,18/06/18,1867.949951,1867.949951,1822.150024,1829,1794.402344,4674987
TCS,19/06/18,1822.150024,1839,1821,1824.5,1789.987549,3245034
TCS,20/06/18,1832,1836.300049,1818.599976,1822.449951,1787.976196,3107695
TCS,21/06/18,1832,1832,1817.599976,1819.349976,1784.934692,2910659
TCS,22/06/18,1827,1827,1799.550049,1809.800049,1775.565552,2949458
TCS,25/06/18,1811.900024,1822.349976,1806,1819.25,1784.836792,2083217
TCS,26/06/18,1823,1861,1821,1852,1816.967163,4679712
TCS,27/06/18,1860,1885.150024,1851.25,1858,1822.85376,4081208
TCS,28/06/18,1865,1871,1826.300049,1842.699951,1807.843018,4888125
TCS,29/06/18,1844.900024,1867.400024,1842.300049,1847.75,1812.797607,3506276
TCS,02/07/18,1852,1857.800049,1841.099976,1851.349976,1816.32959,2650290
TCS,03/07/18,1859.949951,1879.900024,1857.050049,1874.050049,1838.60022,3242233
TCS,04/07/18,1879.900024,1879.900024,1857.150024,1866.150024,1830.849731,2700614
TCS,05/07/18,1873,1887.5,1862.099976,1880.300049,1844.731934,2472571
TCS,06/07/18,1882.849976,1921,1881.650024,1912.949951,1876.76416,3713781
TCS,09/07/18,1924,1924.400024,1876.5,1883,1847.380981,6151747
TCS,10/07/18,1898,1898.900024,1870.75,1875.099976,1839.630127,5303302
TCS,11/07/18,1900,1998,1894.150024,1979.900024,1942.447876,22903802
TCS,12/07/18,1984,1990.900024,1960.5,1971.349976,1934.059692,6921701
TCS,13/07/18,1975,1997.900024,1974,1981.099976,1943.625122,4148185
TCS,16/07/18,1990,1996,1977.449951,1989.199951,1951.572021,2582159
TCS,17/07/18,1989,2009,1981,2002.150024,1968.234863,3315492
TCS,18/07/18,2005,2011.699951,1993.050049,2000.25,1966.366943,2013869
TCS,19/07/18,2002.099976,2010.449951,1970,1981.400024,1947.836304,1746318
TCS,20/07/18,1984.900024,2000,1984,1996.599976,1962.778931,1934995
TCS,23/07/18,2001,2009.949951,1986,2005.650024,1971.675659,2086201
TCS,24/07/18,2015,2015,1984.150024,1999,1965.138306,2038423
TCS,25/07/18,2001.900024,2002,1968.400024,1981.5,1947.93457,1535492
TCS,26/07/18,1974.949951,1985,1955.099976,1964.699951,1931.419189,3503036
TCS,27/07/18,1960.849976,1964.650024,1940.300049,1943.75,1910.824097,2033977
TCS,30/07/18,1943,1954.699951,1931.550049,1944.599976,1911.659668,1579251
TCS,31/07/18,1942,1947,1928,1940.199951,1907.334229,2204803
TCS,01/08/18,1949.949951,1981.550049,1949.800049,1976.5,1943.019409,2425180
TCS,02/08/18,1980,1985,1945,1948.400024,1915.395386,1509287
TCS,03/08/18,1956.5,1982.050049,1956.5,1979.449951,1945.919312,1505131
TCS,06/08/18,1997,1998.949951,1972.25,1975.550049,1942.085449,1532249
TCS,07/08/18,1978.199951,1979.150024,1960.5,1967.349976,1934.024292,1353560
TCS,08/08/18,1972,1978.300049,1962,1974,1940.56189,1315062
TCS,09/08/18,1980,1980.800049,1966,1974.349976,1940.905884,2060297
TCS,10/08/18,1980.949951,1996.5,1972.050049,1993.099976,1959.338135,2784105
TCS,13/08/18,1997.800049,2004.25,1990,2000.150024,1966.268677,3559575
TCS,14/08/18,1992,2024.599976,1982.400024,2003.550049,1969.611206,3311765
TCS,16/08/18,2000.300049,2020.050049,1995,2008.5,1974.477173,2152065
TCS,17/08/18,2013.849976,2021.900024,2004,2012.75,1978.655273,1213731
TCS,20/08/18,2024,2024,2003.699951,2009.949951,1975.90271,1587032
TCS,21/08/18,2010.150024,2024,2004,2017.650024,1983.472412,1376866
TCS,23/08/18,2022.800049,2038,2020.300049,2035.099976,2000.626587,3046791
TCS,24/08/18,2035.099976,2046,2031,2043,2008.392944,1570533
TCS,27/08/18,2043,2059,2035,2050.899902,2016.158813,1532702
TCS,28/08/18,2055,2072,2052,2069.199951,2034.148804,1987983
TCS,29/08/18,2072.5,2076.600098,2045.599976,2072,2036.901611,1525867
TCS,30/08/18,2068,2085,2065.5,2082.399902,2047.125732,2408020
TCS,31/08/18,2082.300049,2092,2074,2078.399902,2043.193359,2504554
TCS,03/09/18,2084.800049,2090,2048.399902,2052.899902,2018.125,1439711
TCS,04/09/18,2059.800049,2104.75,2056.949951,2098.899902,2063.345947,4420803
TCS,05/09/18,2100,2107.25,2075.050049,2079.25,2044.028687,1681106
TCS,06/09/18,2075,2081.5,2060.300049,2075.300049,2040.145874,2238097
TCS,07/09/18,2079.300049,2084,2065.399902,2079.850098,2044.618774,1312182
TCS,10/09/18,2084.399902,2093.399902,2074.25,2080.75,2045.503174,1530539
TCS,11/09/18,2089,2089,2042.199951,2046.25,2011.587891,3679745
TCS,12/09/18,2052.350098,2068.899902,2040,2043.949951,2009.326782,2307661
TCS,14/09/18,2044,2071.550049,2018.150024,2065.399902,2030.413452,3642038
TCS,17/09/18,2070,2077.800049,2054.550049,2074.149902,2039.015137,1033857
TCS,18/09/18,2073,2078.800049,2057.600098,2070.75,2035.672974,1456507
TCS,19/09/18,2071.899902,2089,2066.850098,2077.899902,2042.701782,1301268
TCS,21/09/18,2077,2121,2050.149902,2103.149902,2067.523926,4508530
TCS,24/09/18,2115,2210.5,2098.149902,2198.449951,2161.209717,3032226
TCS,25/09/18,2204.899902,2211.899902,2153.800049,2183.199951,2146.218018,2868778
TCS,26/09/18,2187,2199,2135.100098,2142.149902,2105.863281,1970951
TCS,27/09/18,2141.899902,2209.699951,2135.800049,2188.850098,2151.772461,3311802
TCS,28/09/18,2178,2190,2158.850098,2183.699951,2146.709473,2904371
TCS,01/10/18,2190.899902,2275.949951,2190.350098,2255.550049,2217.342773,3772208
TCS,03/10/18,2250.300049,2255,2155.600098,2162.850098,2126.212891,3902322
TCS,04/10/18,2156.600098,2156.649902,2056.350098,2064.800049,2029.823608,4762419
TCS,05/10/18,2050,2120,2020.900024,2102.649902,2067.032227,3417624
TCS,08/10/18,2102.649902,2122.199951,2048.149902,2077.550049,2042.357666,2010154
TCS,09/10/18,2080.350098,2107.649902,2053.199951,2091.800049,2056.366211,1867130
TCS,10/10/18,2100,2105.949951,2029,2043.599976,2008.982666,2749573
TCS,11/10/18,1985,2013,1941,1979.949951,1946.410889,4700256
TCS,12/10/18,1978,1978,1903,1918.300049,1885.805176,9373289
TCS,15/10/18,1940,1955.550049,1920,1949.5,1916.476807,2638151
TCS,16/10/18,1958,1971.900024,1935,1962.300049,1929.060059,2815425
TCS,17/10/18,1970,1989,1920,1929.400024,1896.717163,2779207
TCS,19/10/18,1929,1929,1870.050049,1913.199951,1880.791504,3428776
TCS,22/10/18,1914,1916,1886.949951,1903,1870.764404,1778496
TCS,23/10/18,1888,1898,1837,1843.650024,1816.237427,2752811
TCS,24/10/18,1852.050049,1874,1811.099976,1848.5,1821.015381,2735913
TCS,25/10/18,1844,1876.900024,1825.050049,1853,1825.448486,2507233
TCS,26/10/18,1853.900024,1853.900024,1791.099976,1799.099976,1772.349854,2285970
TCS,29/10/18,1808.699951,1877.949951,1784.349976,1871,1843.180664,2609483
TCS,30/10/18,1867,1909.400024,1845,1894.800049,1866.626953,2404883
TCS,31/10/18,1900,1943.900024,1875.449951,1938.150024,1909.332397,2769190
TCS,01/11/18,1943.650024,1944.349976,1901.300049,1935.75,1906.96814,2769759
TCS,02/11/18,1934.199951,1954.599976,1905,1913.449951,1884.999634,1818635
TCS,05/11/18,1910,1927.349976,1884.75,1890.849976,1862.735596,1713366
TCS,06/11/18,1894,1937.5,1891,1932.699951,1903.963257,1398710
TCS,07/11/18,1940,1949,1937,1942.150024,1913.272949,144530
TCS,09/11/18,1961,1961.949951,1905,1909.199951,1880.812866,2570479
TCS,12/11/18,1908.5,1946.099976,1908.5,1914.849976,1886.378784,2552008
TCS,13/11/18,1915,1939,1903,1934.949951,1906.179932,1418430
TCS,14/11/18,1925,1929.900024,1870,1880.650024,1852.687256,2422318
TCS,15/11/18,1864,1899,1857.599976,1872.849976,1845.003174,1829123
TCS,16/11/18,1889,1899.800049,1870.25,1886.599976,1858.548706,1829729
TCS,19/11/18,1899,1907.349976,1864.300049,1902.449951,1874.162964,1740628
TCS,20/11/18,1902,1902,1874.199951,1878.25,1850.322876,1190182
TCS,21/11/18,1871,1871.050049,1798.550049,1812,1785.057983,3840461
TCS,22/11/18,1820,1847.599976,1809.949951,1812.550049,1785.599976,3194219
TCS,26/11/18,1819,1860,1784.5,1846.099976,1818.651001,4333177
TCS,27/11/18,1854,1897.900024,1835.349976,1890.25,1862.144531,3344839
TCS,28/11/18,1889,1989,1882.5,1983.900024,1954.4021,5313249
TCS,29/11/18,1997,1997,1942.550049,1960.550049,1931.399292,4035441
TCS,30/11/18,1966,1991,1959.849976,1968.25,1938.984741,5268901
TCS,03/12/18,1984,1990,1968.300049,1982.400024,1952.924316,1610576
TCS,04/12/18,1983,2019.400024,1971,2010.849976,1980.951294,3270615
TCS,05/12/18,2006,2018,1985,2006.75,1976.912354,2501539
TCS,06/12/18,1998,2017,1979.599976,1992.699951,1963.071167,2321216
TCS,07/12/18,1985.050049,2003.900024,1973,1995.199951,1965.533936,1680420
TCS,10/12/18,1975,2011,1960,1975.800049,1946.422607,2010786
TCS,11/12/18,1970,2010,1961,2000,1970.262695,2942014
TCS,12/12/18,2001.099976,2022,1984.949951,2016.800049,1986.812988,2219993
TCS,13/12/18,2024,2029.699951,1974.5,1982.599976,1953.121338,3748429
TCS,14/12/18,1983,1998.949951,1975.25,1989.75,1960.165161,2473761
TCS,17/12/18,1999,2004.900024,1985,1994.300049,1964.647583,1227921
TCS,18/12/18,1991.900024,2002,1976.400024,1987.849976,1958.293335,1768742
TCS,19/12/18,1984.800049,1984.800049,1960.050049,1968.449951,1939.181763,2498833
TCS,20/12/18,1953.800049,1974.900024,1946,1954.050049,1924.99585,1940277
TCS,21/12/18,1948,1950,1886.550049,1895.800049,1867.612183,3729956
TCS,24/12/18,1905.800049,1938.900024,1905,1918.5,1889.974365,1864116
TCS,26/12/18,1921.800049,1921.800049,1870.25,1889.199951,1861.110107,2446614
TCS,27/12/18,1909,1941.699951,1872.099976,1908.949951,1880.566406,4968201
TCS,28/12/18,1915,1920,1893,1896.050049,1867.858276,2239130
TCS,31/12/18,1908,1909,1886.150024,1893.050049,1864.902954,1879740
TCS,01/01/19,1896,1910,1885,1902.800049,1874.507813,1094883
TCS,02/01/19,1905,1934.449951,1900,1923.300049,1894.703247,2100463
TCS,03/01/19,1919,1944.949951,1893.099976,1899.949951,1871.700317,2611668
TCS,04/01/19,1900,1901.199951,1841,1876.849976,1848.943726,4280862
TCS,07/01/19,1891.800049,1908.800049,1881,1897.900024,1869.680786,1856423
TCS,08/01/19,1905.400024,1906.400024,1883.300049,1893.550049,1865.39563,1691756
TCS,09/01/19,1907.400024,1919,1866.699951,1886.949951,1858.893555,2414376
TCS,10/01/19,1890,1905,1872.099976,1888.550049,1860.469849,3053461
TCS,11/01/19,1870,1875,1835,1842.550049,1815.153809,9209862
TCS,14/01/19,1850,1851,1810,1813.25,1786.289429,3615370
TCS,15/01/19,1810,1869.349976,1808,1867.800049,1840.02832,7711653
TCS,16/01/19,1870,1875,1847,1870.150024,1842.343384,2359280
TCS,17/01/19,1878,1898,1871.300049,1894.300049,1870.134277,2625816
TCS,18/01/19,1881,1904.199951,1876,1900.650024,1876.40332,1683728
TCS,21/01/19,1902,1932,1895.449951,1908.699951,1884.350464,2409803
TCS,22/01/19,1907.099976,1918.25,1890,1901.900024,1877.637329,2457093
TCS,23/01/19,1901,1906.099976,1870,1875.599976,1851.672729,2578169
TCS,24/01/19,1884.800049,1905.25,1875,1901.550049,1877.29187,1962927
TCS,25/01/19,1902,1935,1901,1920.800049,1896.296265,2327080
TCS,28/01/19,1933,1962,1925.5,1955,1930.059937,2769033
TCS,29/01/19,1962,1989.050049,1936.650024,1982.75,1957.455933,2557626
TCS,30/01/19,1979.599976,1989.5,1954.650024,1981.400024,1956.123047,2429575
TCS,31/01/19,1987,2019.75,1985,2014.099976,1988.405884,4094319
TCS,01/02/19,2009.5,2034.75,1998.099976,2029.949951,2004.053711,3064163
TCS,04/02/19,2029.949951,2055.449951,2023,2050.25,2024.094849,1590764
TCS,05/02/19,2050,2055,2028,2044.550049,2018.467529,1111404
TCS,06/02/19,2049.899902,2086.850098,2041.050049,2074.800049,2048.331787,1789812
TCS,07/02/19,2074.75,2097.949951,2067,2082.899902,2056.328125,1339945
TCS,08/02/19,2075,2089.5,2051,2061.399902,2035.102539,1684474
TCS,11/02/19,2060,2096,2048.899902,2065.899902,2039.545166,1778730
TCS,12/02/19,2070,2070,2018,2051.600098,2025.427734,2422903
TCS,14/02/19,2060.050049,2075,2033.050049,2044.599976,2018.516846,1724085
TCS,15/02/19,2049,2052,2010.949951,2029.699951,2003.806885,1930065
TCS,18/02/19,2037.599976,2041.949951,1962.650024,1970.300049,1945.164673,2942184
TCS,19/02/19,1970,1971,1892,1904.800049,1880.500366,4408554
TCS,20/02/19,1915,1933.800049,1881.300049,1914.75,1890.323364,4645778
TCS,21/02/19,1914.75,1940,1897.050049,1914.199951,1889.780273,4683919
TCS,22/02/19,1917.199951,1930,1905.099976,1925.650024,1901.084473,2271955
TCS,25/02/19,1932.5,1990,1930.5,1985.150024,1959.825439,2934880
TCS,26/02/19,1984,2045.150024,1972.25,2038.699951,2012.692139,6453309
TCS,27/02/19,2040,2074.949951,2022,2058.100098,2031.844727,4732082
TCS,28/02/19,2060,2071.350098,1977.599976,1983.449951,1958.146973,8454295
TCS,01/03/19,1995.050049,2005,1980.349976,1995.400024,1969.94458,4148548
TCS,05/03/19,2005,2007,1976.599976,1988.099976,1962.737549,2449622
TCS,06/03/19,1989.300049,2015,1985.050049,1999.599976,1974.090942,2635047
TCS,07/03/19,2005,2024.050049,2000.199951,2013.300049,1987.616089,2539884
TCS,08/03/19,2025,2033,2010.050049,2022.699951,1996.89624,2031071
TCS,11/03/19,2028.900024,2033,2003.650024,2014.800049,1989.097046,3111689
TCS,12/03/19,2014.050049,2024.800049,2003,2012.449951,1986.776978,2658550
TCS,13/03/19,2013,2015.900024,1978.599976,2000.5,1974.979492,1833163
TCS,14/03/19,2004.949951,2007.800049,1981,1987.400024,1962.046631,1905495
TCS,15/03/19,1998.900024,2068.949951,1991,2039.949951,2013.926147,5184318
TCS,18/03/19,2043,2064.600098,2011,2022.800049,1996.994995,2349915
TCS,19/03/19,2030,2030,1995.099976,2022.800049,1996.994995,2373993
TCS,20/03/19,2028,2044.800049,2000,2015.050049,1989.343872,3091165
TCS,22/03/19,2015,2016,1983.300049,2005.650024,1980.063721,3148149
TCS,25/03/19,2007.800049,2007.800049,1977.199951,1984.25,1958.936768,2429205
TCS,26/03/19,1984,1994.949951,1958.050049,1982.650024,1957.357056,2316539
TCS,27/03/19,1994,1998,1961,1967.900024,1942.795288,2266166
TCS,28/03/19,1980,2014.599976,1972.800049,2000.300049,1974.782104,4054489
TCS,01/04/19,2010,2039.949951,2008.25,2031.650024,2005.732056,2095740
TCS,02/04/19,2037.099976,2086,2037,2079.300049,2052.77417,3719663
TCS,03/04/19,2085,2089.600098,2058.100098,2079.300049,2052.77417,2939886
TCS,04/04/19,2078.149902,2079.699951,2007.400024,2014.5,1988.800781,4397518
TCS,05/04/19,2028.650024,2054.399902,2018.800049,2048.300049,2022.169678,3152103
TCS,08/04/19,2059,2075,2032.699951,2070.75,2044.333252,2194294
TCS,09/04/19,2070,2098,2057.649902,2091.5,2064.818359,2690970
TCS,10/04/19,2083,2085.5,2036,2040.25,2014.22229,3313062
TCS,11/04/19,2045,2055,2013.650024,2019.5,1993.737061,3422442
TCS,12/04/19,2038,2039,2007,2014.5,1988.800781,3198471
TCS,15/04/19,2070,2119.800049,2041,2113.300049,2086.340576,9189201
TCS,16/04/19,2120,2155.949951,2115.550049,2131.800049,2104.604492,5771952
TCS,18/04/19,2149.899902,2155,2114.199951,2150.050049,2122.621582,3413728
TCS,22/04/19,2148,2176,2145.600098,2161.449951,2133.876221,2007135
TCS,23/04/19,2163,2165.5,2134.050049,2155.050049,2127.557861,2163524
TCS,24/04/19,2158,2195,2156.100098,2183.449951,2155.595459,3003071
TCS,25/04/19,2175,2205,2168.050049,2195,2166.998047,4211526
TCS,26/04/19,2203,2243.949951,2193.149902,2238.550049,2209.992676,2716958
TCS,30/04/19,2238.550049,2266.949951,2230.100098,2260.350098,2231.514893,3488395
TCS,02/05/19,2255,2259.399902,2211.100098,2215.399902,2187.137939,2457699
TCS,03/05/19,2185,2186.050049,2125,2132,2104.802002,3780886
TCS,06/05/19,2110,2165,2108.5,2157.850098,2130.322266,2891422
TCS,07/05/19,2160.050049,2184.350098,2138.800049,2151.949951,2124.497314,2201696
TCS,08/05/19,2151,2168,2130.399902,2152.850098,2125.385986,1824895
TCS,09/05/19,2145,2184.100098,2136.100098,2172.550049,2144.834717,2264162
TCS,10/05/19,2175,2192,2125.850098,2135.800049,2108.553223,2039633
TCS,13/05/19,2133,2167,2121.649902,2128.75,2101.593506,1701744
TCS,14/05/19,2135,2159.800049,2072.350098,2092.350098,2065.657715,2456110
TCS,15/05/19,2097,2124,2084.5,2095.399902,2068.668457,2346876
TCS,16/05/19,2096,2124,2077.050049,2108.75,2081.848633,1946529
TCS,17/05/19,2112.600098,2135,2090,2095.449951,2068.718262,1947908
TCS,20/05/19,2125,2151.399902,2050,2143.949951,2116.599609,2625116
TCS,21/05/19,2148.050049,2148.699951,2102.550049,2109.75,2082.835693,1863157
TCS,22/05/19,2110,2121.949951,2075,2081.75,2055.192871,2595795
TCS,23/05/19,2098,2115.350098,2050,2054.050049,2027.846436,2541294
TCS,24/05/19,2070,2070,2032.25,2048,2021.873535,2274208
TCS,27/05/19,2054.800049,2068.949951,2040.099976,2055.149902,2028.932129,2329820
TCS,28/05/19,2060,2097.5,2045,2073.75,2047.295166,5872979
TCS,29/05/19,2080,2123.699951,2077.100098,2107.550049,2080.663818,3281320
TCS,30/05/19,2123,2156.550049,2114.399902,2146.300049,2118.919434,4971725
TCS,31/05/19,2160,2204.949951,2152.25,2196.550049,2168.528564,4265370
TCS,03/06/19,2201,2247.649902,2185.649902,2242.300049,2213.694824,3682419
TCS,04/06/19,2224,2224,2175,2183.100098,2172.691406,2408658
TCS,06/06/19,2199,2199,2152,2166.100098,2155.772461,3735467
TCS,07/06/19,2174,2189.800049,2142.100098,2181.75,2171.347656,2659446
TCS,10/06/19,2196.699951,2235.850098,2185.5,2231.5,2220.860596,2080593
TCS,11/06/19,2237,2263.949951,2231,2252.800049,2242.059082,3048937
TCS,12/06/19,2245,2266.899902,2219,2260.899902,2250.120117,2404448
TCS,13/06/19,2264,2285,2243.050049,2254.100098,2243.352783,3320916
TCS,14/06/19,2257.25,2263.100098,2234,2254.5,2243.750977,2131408
TCS,17/06/19,2256,2262,2241.449951,2249.199951,2238.476074,1489497
TCS,18/06/19,2244,2260,2231.199951,2250.850098,2240.118164,1877447
TCS,19/06/19,2255,2276,2243.149902,2259.899902,2249.125,1652817
TCS,20/06/19,2230,2284,2212,2277.949951,2267.089111,2199377
TCS,21/06/19,2285,2292.5,2242,2249.850098,2239.123047,3871804
TCS,24/06/19,2254.149902,2280,2250.800049,2275.5,2264.650635,1382424
TCS,25/06/19,2270,2274.449951,2250.5,2267.800049,2256.987549,1386077
TCS,26/06/19,2265,2266.800049,2250,2254.199951,2243.452148,1762224
TCS,27/06/19,2255,2264,2241.300049,2252.550049,2241.810059,2813464
TCS,28/06/19,2260,2261.949951,2222.5,2227.199951,2216.581055,2372928
TCS,01/07/19,2235,2255,2206.600098,2239.550049,2228.87207,2769940
TCS,02/07/19,2244.899902,2257,2216.449951,2252.100098,2241.362305,1771746
TCS,03/07/19,2252.199951,2258.800049,2232,2237.649902,2226.980957,1656881
TCS,04/07/19,2234,2252,2230.100098,2242.649902,2231.957275,984140
TCS,05/07/19,2247,2250,2140,2163.100098,2152.786865,4088470
TCS,08/07/19,2149,2188.800049,2132.100098,2175.399902,2165.028076,2788062
TCS,09/07/19,2174,2174.399902,2104.550049,2133.350098,2123.178711,3977224
TCS,10/07/19,2080,2127.850098,2071.300049,2108.199951,2098.148438,6343581
TCS,11/07/19,2128,2129,2086.050049,2102.550049,2092.525391,2400346
TCS,12/07/19,2102.100098,2119.75,2093.100098,2107.600098,2097.551514,1560725
TCS,15/07/19,2125,2153.600098,2098,2145.699951,2135.469482,2900415
TCS,16/07/19,2126,2132.5,2100,2106,2100.854492,2735399
TCS,17/07/19,2108,2125,2092.100098,2117.25,2112.076904,1802969
TCS,18/07/19,2116.199951,2116.199951,2060,2065.949951,2060.9021,3072096
TCS,19/07/19,2077,2097,2062.5,2076.949951,2071.875244,1953177
TCS,22/07/19,2077,2117.449951,2068.800049,2109.899902,2104.744873,1920167
TCS,23/07/19,2127.899902,2130,2102.399902,2112.449951,2107.288574,3538588
TCS,24/07/19,2110,2120.800049,2076.5,2096.800049,2091.677002,2413196
TCS,25/07/19,2108.899902,2135,2092.550049,2127.899902,2122.700684,2544464
TCS,26/07/19,2129.800049,2129.800049,2095,2109.050049,2103.896973,1720592
TCS,29/07/19,2110.800049,2142,2103.300049,2130,2124.795654,1647090
TCS,30/07/19,2130,2185,2120.449951,2179.149902,2173.825439,2851672
TCS,31/07/19,2171.75,2211.699951,2147.149902,2205.699951,2200.310791,3000677
TCS,01/08/19,2200,2217.5,2166.25,2180.050049,2174.723389,2375236
TCS,02/08/19,2173,2210,2165.5,2205.300049,2199.911865,2500816
TCS,05/08/19,2199.899902,2252.25,2195.600098,2248.600098,2243.105957,3039682
TCS,06/08/19,2232.800049,2251.949951,2211.449951,2214.899902,2209.488281,2885467
TCS,07/08/19,2230,2238.5,2207.25,2213.449951,2208.041748,2165362
TCS,08/08/19,2228.899902,2281,2218.899902,2258.100098,2252.582764,2073298
TCS,09/08/19,2260,2267.899902,2241.350098,2246.25,2240.761719,1744550
TCS,13/08/19,2245,2246.25,2194.300049,2199.449951,2194.075928,1647281
TCS,14/08/19,2181.100098,2217.850098,2167.399902,2204.399902,2199.013916,1945002
TCS,16/08/19,2241.399902,2241.399902,2143.25,2165.100098,2159.810059,3755507
TCS,19/08/19,2180,2186,2157.699951,2163,2157.715088,974884
TCS,20/08/19,2172,2205,2166.5,2186.75,2181.406982,1843611
TCS,21/08/19,2184.949951,2202,2182.25,2186.199951,2180.858398,1214408
TCS,22/08/19,2187,2235.649902,2170,2216,2210.585693,2131601
TCS,23/08/19,2214.949951,2259.899902,2213.899902,2247.699951,2242.208008,2826425
TCS,26/08/19,2247,2282,2225,2276.300049,2270.738281,2345475
TCS,27/08/19,2270,2274.850098,2229,2236.5,2231.035645,3432106
TCS,28/08/19,2240,2252.149902,2216,2239.25,2233.778809,1294621
TCS,29/08/19,2222.199951,2248.199951,2222.199951,2233.449951,2227.99292,1670652
TCS,30/08/19,2241,2266,2218,2259.600098,2254.079102,2583625
TCS,03/09/19,2270,2296.199951,2236.949951,2251.600098,2246.098633,2545060
TCS,04/09/19,2265,2270,2233,2245.399902,2239.913574,2228092
TCS,05/09/19,2242.199951,2253.649902,2207.300049,2215.300049,2209.887451,2055943
TCS,06/09/19,2216,2233.5,2192.600098,2197.5,2192.130859,1890550
TCS,09/09/19,2200,2202.850098,2179.800049,2182.850098,2177.516602,1703945
TCS,11/09/19,2186,2195,2146.550049,2154,2148.737061,2627440
TCS,12/09/19,2155,2165,2120.350098,2133.600098,2128.386963,2118859
TCS,13/09/19,2135,2157.949951,2115.550049,2141.949951,2136.716553,2291174
TCS,16/09/19,2159.949951,2173.399902,2126.399902,2150,2144.746826,2597948
TCS,17/09/19,2154.949951,2156.550049,2105.600098,2122.649902,2117.463623,2796530
TCS,18/09/19,2126.399902,2142.949951,2113.149902,2138.550049,2133.324951,1454663
TCS,19/09/19,2135,2135.800049,2091,2101.949951,2096.814209,1652691
TCS,20/09/19,2104.899902,2129.399902,2057,2065.449951,2060.40332,6941979
TCS,23/09/19,2099,2099,1975,2015.800049,2010.874878,6323401
TCS,24/09/19,2015,2061,2013,2044.699951,2039.704102,4620978
TCS,25/09/19,2065,2092,2060.050049,2088.449951,2083.347168,4002232
TCS,26/09/19,2097.899902,2107,2063,2087.600098,2082.499512,4234281
TCS,27/09/19,2085,2085.199951,2051.399902,2056.149902,2051.125977,2046795
TCS,30/09/19,2061.850098,2104,2060,2099.300049,2094.170898,2620039
TCS,01/10/19,2095.949951,2095.949951,2039.699951,2059.949951,2054.916748,3342877
TCS,03/10/19,2070,2081.149902,2046.150024,2060.25,2055.216064,2317618
TCS,04/10/19,2060.600098,2087.949951,2054.949951,2079.350098,2074.269531,2163251
TCS,07/10/19,2080,2094.5,2041,2047.699951,2042.696777,2177916
TCS,09/10/19,2060,2060,2015.5,2020.099976,2015.164185,2066920
TCS,10/10/19,2028,2039.050049,1997.099976,2004.449951,1999.55249,2881452
TCS,11/10/19,1931,1995,1925,1986.849976,1981.995483,12593069
TCS,14/10/19,1995,2032.75,1968,2021,2016.062012,3510704
TCS,15/10/19,2032,2047,2022.699951,2037.300049,2032.322266,2261310
TCS,16/10/19,2038,2056,2016,2046.400024,2041.400024,3034082
TCS,17/10/19,2014,2038,1999.300049,2030.949951,2030.949951,3818774
TCS,18/10/19,2037.5,2063.899902,2025,2057.350098,2057.350098,3087901
TCS,22/10/19,2080,2111.5,2040.050049,2051.399902,2051.399902,5552505
TCS,23/10/19,2060,2083.850098,2052.5,2070.100098,2070.100098,2348134
TCS,24/10/19,2084,2099,2061.300049,2082,2082,2798671
TCS,25/10/19,2094,2130,2075.050049,2124.949951,2124.949951,3954245
TCS,27/10/19,2129,2129,2108.800049,2115.699951,2115.699951,224405
TCS,29/10/19,2121.5,2201.699951,2121.5,2194.850098,2194.850098,5064173
TCS,30/10/19,2225,2260,2176.850098,2252.800049,2252.800049,5195136
TCS,31/10/19,2250,2284.949951,2237,2269.649902,2269.649902,4879261