StockName,Date,Open,High,Low,Close,Adj Close,Volume
WIPRO,31/10/14,5.97,6.12,5.94,6.1,5.907861,1021000
WIPRO,03/11/14,6.075,6.2,6.075,6.195,5.99987,813600
WIPRO,04/11/14,6.175,6.225,6.135,6.175,5.980498,677800
WIPRO,05/11/14,6.145,6.245,6.14,6.22,6.024081,930800
WIPRO,06/11/14,6.25,6.29,6.19,6.225,6.028924,606200
WIPRO,07/11/14,6.255,6.28,6.18,6.275,6.077349,1265000
WIPRO,10/11/14,6.175,6.265,6.13,6.23,6.033766,577200
WIPRO,11/11/14,6.22,6.26,6.11,6.115,5.922388,931800
WIPRO,12/11/14,6.1,6.19,6.1,6.14,5.946601,925600
WIPRO,13/11/14,6.175,6.205,6.11,6.135,5.941758,727600
WIPRO,14/11/14,6.16,6.33,6.09,6.29,6.091876,1659800
WIPRO,17/11/14,6.27,6.345,6.235,6.24,6.043451,1103200
WIPRO,18/11/14,6.3,6.315,6.22,6.22,6.024081,808200
WIPRO,19/11/14,6.21,6.245,6.11,6.155,5.961129,675400
WIPRO,20/11/14,6.155,6.18,6.1,6.13,5.936916,489000
WIPRO,21/11/14,6.185,6.265,6.165,6.26,6.062821,445000
WIPRO,24/11/14,6.265,6.355,6.23,6.34,6.140302,654600
WIPRO,25/11/14,6.36,6.435,6.35,6.39,6.188726,1335400
WIPRO,26/11/14,6.375,6.425,6.35,6.425,6.222624,474800
WIPRO,28/11/14,6.45,6.48,6.41,6.45,6.246837,470600
WIPRO,01/12/14,6.43,6.47,6.365,6.44,6.237152,786600
WIPRO,02/12/14,6.43,6.495,6.39,6.49,6.285576,603600
WIPRO,03/12/14,6.49,6.575,6.445,6.575,6.367899,436200
WIPRO,04/12/14,6.55,6.585,6.47,6.485,6.280734,531600
WIPRO,05/12/14,6.46,6.46,6.38,6.41,6.208097,433800
WIPRO,08/12/14,6.355,6.375,6.21,6.245,6.048293,688400
WIPRO,09/12/14,6.1,6.135,6.035,6.105,5.912704,1642600
WIPRO,10/12/14,6.06,6.065,5.88,5.9,5.714161,1127800
WIPRO,11/12/14,5.9,5.96,5.805,5.84,5.656051,814000
WIPRO,12/12/14,5.775,5.78,5.555,5.59,5.413925,2162200
WIPRO,15/12/14,5.595,5.67,5.54,5.64,5.462349,1223600
WIPRO,16/12/14,5.56,5.735,5.525,5.62,5.44298,814400
WIPRO,17/12/14,5.65,5.67,5.575,5.635,5.457508,799200
WIPRO,18/12/14,5.715,5.945,5.705,5.94,5.752901,1243800
WIPRO,19/12/14,5.92,5.97,5.855,5.88,5.69479,1697400
WIPRO,22/12/14,5.905,5.97,5.895,5.955,5.767428,706200
WIPRO,23/12/14,5.94,5.985,5.925,5.93,5.743215,348200
WIPRO,24/12/14,5.875,5.97,5.86,5.905,5.719003,212400
WIPRO,26/12/14,5.94,5.955,5.87,5.87,5.685104,298200
WIPRO,29/12/14,5.86,5.9,5.77,5.79,5.607625,1014600
WIPRO,30/12/14,5.795,5.83,5.73,5.77,5.588255,456200
WIPRO,31/12/14,5.81,5.81,5.66,5.66,5.48172,639200
WIPRO,02/01/15,5.76,5.81,5.63,5.665,5.486563,791000
WIPRO,05/01/15,5.645,5.645,5.56,5.595,5.418767,1489800
WIPRO,06/01/15,5.6,5.605,5.44,5.515,5.341287,729000
WIPRO,07/01/15,5.575,5.605,5.51,5.58,5.40424,600800
WIPRO,08/01/15,5.645,5.695,5.625,5.665,5.486563,720600
WIPRO,09/01/15,5.725,5.75,5.59,5.61,5.433295,1436600
WIPRO,12/01/15,5.62,5.685,5.57,5.64,5.462349,907800
WIPRO,13/01/15,5.715,5.805,5.69,5.745,5.564043,985600
WIPRO,14/01/15,5.635,5.715,5.57,5.615,5.438137,928800
WIPRO,15/01/15,5.69,5.725,5.525,5.53,5.355815,2527800
WIPRO,16/01/15,5.715,6.14,5.625,6.06,5.869121,2276600
WIPRO,20/01/15,6,6.065,5.935,5.97,5.781955,906400
WIPRO,21/01/15,5.935,6.125,5.89,6.12,5.967715,1435400
WIPRO,22/01/15,6.17,6.465,6.12,6.465,6.304131,2739000
WIPRO,23/01/15,6.425,6.44,6.23,6.345,6.187116,1109600
WIPRO,26/01/15,6.3,6.48,6.3,6.445,6.284628,905000
WIPRO,27/01/15,6.38,6.535,6.34,6.49,6.328508,1395600
WIPRO,28/01/15,6.56,6.66,6.495,6.61,6.445522,2121400
WIPRO,29/01/15,6.525,6.575,6.45,6.545,6.38214,1455600
WIPRO,30/01/15,6.45,6.515,6.36,6.43,6.270001,1233200
WIPRO,02/02/15,6.535,6.555,6.43,6.53,6.367514,1026000
WIPRO,03/02/15,6.545,6.665,6.485,6.625,6.46015,1588800
WIPRO,04/02/15,6.625,6.68,6.545,6.555,6.391891,1666200
WIPRO,05/02/15,6.575,6.775,6.525,6.71,6.543035,2030000
WIPRO,06/02/15,6.73,6.75,6.64,6.69,6.523531,930200
WIPRO,09/02/15,6.685,6.84,6.615,6.755,6.586914,1295600
WIPRO,10/02/15,6.74,6.84,6.695,6.805,6.63567,965400
WIPRO,11/02/15,6.79,6.845,6.785,6.81,6.640545,944400
WIPRO,12/02/15,6.875,7,6.85,6.955,6.781937,1278000
WIPRO,13/02/15,7,7.09,6.975,7.09,6.913579,980000
WIPRO,17/02/15,7.02,7.055,6.975,6.995,6.820942,779800
WIPRO,18/02/15,6.995,7.02,6.845,6.895,6.723431,1618400
WIPRO,19/02/15,6.83,6.94,6.755,6.915,6.742933,798600
WIPRO,20/02/15,6.86,6.905,6.815,6.89,6.718555,676600
WIPRO,23/02/15,6.82,6.92,6.805,6.805,6.63567,1067000
WIPRO,24/02/15,6.83,6.915,6.805,6.875,6.703929,1106800
WIPRO,25/02/15,6.905,7.03,6.9,7.005,6.830694,1057400
WIPRO,26/02/15,7,7.05,6.9,6.945,6.772187,853400
WIPRO,27/02/15,6.93,6.965,6.865,6.89,6.718555,770600
WIPRO,02/03/15,6.885,6.94,6.81,6.915,6.742933,778200
WIPRO,03/03/15,6.915,6.975,6.91,6.935,6.762435,566200
WIPRO,04/03/15,6.86,6.945,6.81,6.85,6.679551,855600
WIPRO,05/03/15,6.87,6.88,6.755,6.85,6.679551,445200
WIPRO,06/03/15,6.795,6.865,6.735,6.8,6.630795,1230200
WIPRO,09/03/15,6.77,6.77,6.625,6.7,6.533283,1763000
WIPRO,10/03/15,6.63,6.68,6.585,6.625,6.46015,1593200
WIPRO,11/03/15,6.65,6.65,6.475,6.59,6.42602,1674000
WIPRO,12/03/15,6.605,6.725,6.6,6.655,6.489403,1625800
WIPRO,13/03/15,6.61,6.64,6.51,6.59,6.42602,875200
WIPRO,16/03/15,6.48,6.745,6.48,6.745,6.577163,916200
WIPRO,17/03/15,6.7,6.745,6.625,6.695,6.528408,745000
WIPRO,18/03/15,6.655,6.815,6.62,6.775,6.606417,1360800
WIPRO,19/03/15,6.765,6.81,6.74,6.745,6.577163,621000
WIPRO,20/03/15,6.82,6.91,6.79,6.885,6.713679,1089400
WIPRO,23/03/15,6.875,6.98,6.835,6.98,6.806316,1778000
WIPRO,24/03/15,6.965,6.985,6.86,6.89,6.718555,920800
WIPRO,25/03/15,6.915,6.915,6.74,6.765,6.596666,1219400
WIPRO,26/03/15,6.695,6.735,6.61,6.61,6.445522,1553000
WIPRO,27/03/15,6.545,6.75,6.505,6.735,6.567412,1859600
WIPRO,30/03/15,6.79,6.86,6.77,6.855,6.684426,894400
WIPRO,31/03/15,6.785,6.845,6.65,6.66,6.494278,1099200
WIPRO,01/04/15,6.665,6.695,6.53,6.57,6.406518,1520800
WIPRO,02/04/15,6.57,6.625,6.54,6.57,6.406518,1074400
WIPRO,06/04/15,6.53,6.585,6.505,6.565,6.401642,540000
WIPRO,07/04/15,6.585,6.6,6.52,6.53,6.367514,666400
WIPRO,08/04/15,6.565,6.635,6.495,6.545,6.38214,1237200
WIPRO,09/04/15,6.575,6.74,6.575,6.73,6.562536,1381200
WIPRO,10/04/15,6.7,6.715,6.58,6.59,6.42602,660200
WIPRO,13/04/15,6.585,6.645,6.51,6.515,6.352886,830600
WIPRO,14/04/15,6.56,6.615,6.505,6.55,6.387015,1182400
WIPRO,15/04/15,6.5,6.59,6.48,6.535,6.372388,892600
WIPRO,16/04/15,6.495,6.53,6.37,6.505,6.343135,1529000
WIPRO,17/04/15,6.415,6.465,6.36,6.42,6.260251,1248000
WIPRO,20/04/15,6.28,6.385,6.245,6.31,6.152987,1693400
WIPRO,21/04/15,6.235,6.24,6.03,6.04,5.889706,3123200
WIPRO,22/04/15,5.935,5.965,5.78,5.845,5.699558,4122200
WIPRO,23/04/15,5.81,5.93,5.78,5.895,5.748314,2044400
WIPRO,24/04/15,5.875,5.9,5.715,5.74,5.597171,2795800
WIPRO,27/04/15,5.825,5.955,5.825,5.87,5.723936,1930200
WIPRO,28/04/15,5.88,5.885,5.755,5.805,5.660553,2458600
WIPRO,29/04/15,5.895,5.895,5.795,5.83,5.684931,1345600
WIPRO,30/04/15,5.835,5.845,5.705,5.735,5.592296,1354400
WIPRO,01/05/15,5.79,5.845,5.74,5.795,5.650802,583200
WIPRO,04/05/15,5.865,5.9,5.83,5.85,5.704433,806200
WIPRO,05/05/15,5.82,5.88,5.815,5.845,5.699558,831200
WIPRO,06/05/15,5.84,5.845,5.695,5.735,5.592296,1046000
WIPRO,07/05/15,5.745,5.775,5.685,5.77,5.626425,788200
WIPRO,08/05/15,5.815,5.965,5.8,5.855,5.709309,948400
WIPRO,11/05/15,5.855,5.885,5.74,5.75,5.606922,646000
WIPRO,12/05/15,5.695,5.785,5.695,5.75,5.606922,1054600
WIPRO,13/05/15,5.79,5.845,5.745,5.81,5.665429,859400
WIPRO,14/05/15,5.83,5.83,5.74,5.76,5.616673,818400
WIPRO,15/05/15,5.75,5.83,5.73,5.75,5.606922,1432600
WIPRO,18/05/15,5.78,5.875,5.765,5.85,5.704433,968600
WIPRO,19/05/15,5.885,5.895,5.83,5.88,5.733687,581600
WIPRO,20/05/15,5.925,5.99,5.9,5.965,5.816573,1253200
WIPRO,21/05/15,5.98,5.98,5.8,5.845,5.699558,1283800
WIPRO,22/05/15,5.85,5.865,5.81,5.825,5.680056,736400
WIPRO,26/05/15,5.805,5.84,5.765,5.83,5.684931,1019400
WIPRO,27/05/15,5.825,5.87,5.8,5.85,5.704433,614600
WIPRO,28/05/15,5.85,5.95,5.845,5.94,5.792194,792000
WIPRO,29/05/15,5.975,6.05,5.965,6.035,5.88483,1590000
WIPRO,01/06/15,6.05,6.065,5.995,6.03,5.879955,622200
WIPRO,02/06/15,5.91,6.02,5.87,6,5.850701,1059600
WIPRO,03/06/15,5.925,5.99,5.9,5.95,5.801945,1035000
WIPRO,04/06/15,5.955,6.045,5.955,6.015,5.865327,994200
WIPRO,05/06/15,6,6.015,5.92,6.015,5.865327,937200
WIPRO,08/06/15,5.99,6.05,5.95,5.955,5.80682,1084800
WIPRO,09/06/15,5.815,5.845,5.755,5.82,5.67518,1048400
WIPRO,10/06/15,6,6.09,5.96,6.05,5.899457,958400
WIPRO,11/06/15,5.89,5.97,5.86,5.965,5.816573,1291400
WIPRO,12/06/15,5.875,5.875,5.81,5.845,5.699558,793800
WIPRO,15/06/15,5.835,5.9,5.835,5.885,5.738563,441600
WIPRO,16/06/15,5.865,5.935,5.835,5.92,5.772692,948600
WIPRO,17/06/15,5.925,6.02,5.92,5.985,5.836074,692600
WIPRO,18/06/15,6.025,6.115,6.025,6.095,5.943337,758600
WIPRO,19/06/15,6.1,6.12,5.995,6,5.850701,1874600
WIPRO,22/06/15,6.055,6.085,6.02,6.045,5.894581,746200
WIPRO,23/06/15,6.02,6.175,6,6.085,5.933586,776400
WIPRO,24/06/15,6.085,6.085,6.025,6.03,5.879955,569000
WIPRO,25/06/15,6.02,6.155,5.99,6.085,5.933586,1044800
WIPRO,26/06/15,6.11,6.135,6.055,6.13,5.977467,952400
WIPRO,29/06/15,6.06,6.06,6.02,6.045,5.894581,985400
WIPRO,30/06/15,6.02,6.03,5.95,5.985,5.836074,901400
WIPRO,01/07/15,6.015,6.045,5.98,6.025,5.875079,721400
WIPRO,02/07/15,6.05,6.085,5.985,6.08,5.92871,793400
WIPRO,06/07/15,6.045,6.125,6.02,6.05,5.899457,496800
WIPRO,07/07/15,6.04,6.055,5.94,6.04,5.889706,820400
WIPRO,08/07/15,5.98,6.01,5.885,5.955,5.80682,870400
WIPRO,09/07/15,5.955,5.975,5.885,5.91,5.76294,734800
WIPRO,10/07/15,5.96,6.025,5.96,6.01,5.860453,720000
WIPRO,13/07/15,6.065,6.115,6.045,6.05,5.899457,547600
WIPRO,14/07/15,6.125,6.16,6.075,6.085,5.933586,830400
WIPRO,15/07/15,6.21,6.245,6.175,6.19,6.035973,652200
WIPRO,16/07/15,6.225,6.24,6.165,6.19,6.089589,751000
WIPRO,17/07/15,6.19,6.22,6.11,6.115,6.015806,967600
WIPRO,20/07/15,6.11,6.16,6.045,6.08,5.981373,520600
WIPRO,21/07/15,6.21,6.275,6.19,6.23,6.128941,1036600
WIPRO,22/07/15,6.285,6.455,6.265,6.38,6.276507,1177800
WIPRO,23/07/15,6.3,6.405,6.28,6.295,6.192886,909200
WIPRO,24/07/15,6.17,6.175,6.02,6.13,6.030562,613200
WIPRO,27/07/15,6.065,6.1,6.005,6.065,5.966617,527600
WIPRO,28/07/15,6.095,6.135,6.075,6.095,5.996131,846200
WIPRO,29/07/15,6.145,6.185,6.1,6.145,6.045319,591600
WIPRO,30/07/15,6.08,6.135,6.025,6.13,6.030562,429800
WIPRO,31/07/15,6.19,6.19,6.14,6.18,6.079751,395800
WIPRO,03/08/15,6.2,6.205,6.115,6.135,6.035482,452000
WIPRO,04/08/15,6.05,6.195,6.05,6.115,6.015806,2372200
WIPRO,05/08/15,6.24,6.33,6.2,6.325,6.222399,836800
WIPRO,06/08/15,6.285,6.345,6.255,6.26,6.158454,641600
WIPRO,07/08/15,6.275,6.275,6.195,6.245,6.143697,412000
WIPRO,10/08/15,6.22,6.31,6.22,6.285,6.183048,741400
WIPRO,11/08/15,6.22,6.24,6.075,6.15,6.050238,844800
WIPRO,12/08/15,6.175,6.36,6.12,6.325,6.222399,607400
WIPRO,13/08/15,6.2,6.29,6.155,6.245,6.143697,752200
WIPRO,14/08/15,6.255,6.31,6.255,6.27,6.168292,230400
WIPRO,17/08/15,6.225,6.26,6.155,6.245,6.143697,550200
WIPRO,18/08/15,6.2,6.28,6.16,6.27,6.168292,619400
WIPRO,19/08/15,6.305,6.305,6.225,6.265,6.163373,623000
WIPRO,20/08/15,6.24,6.24,6,6.005,5.90759,1847800
WIPRO,21/08/15,6.05,6.175,5.935,5.965,5.868239,1284200
WIPRO,24/08/15,5.55,5.8,5.405,5.705,5.612457,1303000
WIPRO,25/08/15,5.83,5.99,5.72,5.72,5.627213,1343600
WIPRO,26/08/15,5.91,5.93,5.71,5.845,5.750185,780800
WIPRO,27/08/15,5.855,5.89,5.79,5.855,5.760024,1844600
WIPRO,28/08/15,5.895,5.935,5.845,5.915,5.81905,835800
WIPRO,31/08/15,5.915,5.93,5.805,5.855,5.760024,1494600
WIPRO,01/09/15,5.795,5.835,5.77,5.79,5.696077,760000
WIPRO,02/09/15,5.855,5.885,5.81,5.86,5.764942,787600
WIPRO,03/09/15,5.945,6.075,5.945,6,5.902671,948000
WIPRO,04/09/15,5.93,5.95,5.64,5.765,5.671483,1439400
WIPRO,08/09/15,5.855,5.905,5.815,5.875,5.779699,1188400
WIPRO,09/09/15,5.9,5.945,5.715,5.735,5.64197,1422600
WIPRO,10/09/15,5.72,5.865,5.705,5.82,5.725591,1476800
WIPRO,11/09/15,5.825,5.895,5.825,5.855,5.760024,587400
WIPRO,14/09/15,5.905,5.915,5.84,5.855,5.760024,935200
WIPRO,15/09/15,5.87,5.93,5.84,5.92,5.823969,990400
WIPRO,16/09/15,5.975,6.105,5.96,6.04,5.942022,1305800
WIPRO,17/09/15,6.045,6.145,6.015,6.055,5.956779,1188600
WIPRO,18/09/15,6.095,6.125,5.99,5.995,5.897753,1169400
WIPRO,21/09/15,6.03,6.11,6.02,6.085,5.986292,1050200
WIPRO,22/09/15,6.005,6.04,5.795,5.915,5.81905,2770400
WIPRO,23/09/15,5.905,5.96,5.84,5.905,5.809212,1720400
WIPRO,24/09/15,5.87,5.915,5.8,5.87,5.77478,1375400
WIPRO,25/09/15,5.94,5.94,5.87,5.9,5.804294,855400
WIPRO,28/09/15,5.855,5.86,5.775,5.83,5.735429,917800
WIPRO,29/09/15,5.85,6.015,5.815,6.005,5.90759,1856600
WIPRO,30/09/15,6.06,6.165,6.045,6.145,6.045319,2253000
WIPRO,01/10/15,6.14,6.175,5.85,6.005,5.90759,1283400
WIPRO,02/10/15,5.995,6.1,5.955,6.095,5.996131,996000
WIPRO,05/10/15,6.12,6.23,6.11,6.2,6.099427,838400
WIPRO,06/10/15,6.115,6.195,6.1,6.19,6.089589,1055000
WIPRO,07/10/15,6.085,6.25,6.085,6.22,6.119102,1766400
WIPRO,08/10/15,6.215,6.295,6.2,6.29,6.187967,955600
WIPRO,09/10/15,6.29,6.42,6.27,6.4,6.296183,1689400
WIPRO,12/10/15,6.325,6.325,6.2,6.25,6.148616,1346600
WIPRO,13/10/15,6.225,6.24,6.17,6.2,6.099427,1174400
WIPRO,14/10/15,6.19,6.24,6.125,6.145,6.045319,574200
WIPRO,15/10/15,6.15,6.235,6.14,6.225,6.124021,865800
WIPRO,16/10/15,6.23,6.28,6.185,6.27,6.168292,1086600
WIPRO,19/10/15,6.215,6.265,6.16,6.255,6.153534,851800
WIPRO,20/10/15,6.17,6.195,6.12,6.145,6.045319,1240400
WIPRO,21/10/15,6,6.05,5.93,5.96,5.86332,1459600
WIPRO,22/10/15,5.935,6.075,5.875,6.07,5.971536,1281600
WIPRO,23/10/15,6.105,6.14,6.075,6.12,6.020724,678800
WIPRO,26/10/15,6.1,6.215,6.1,6.175,6.074832,1166200
WIPRO,27/10/15,6.165,6.2,6.135,6.155,6.055157,882400
WIPRO,28/10/15,6.18,6.31,6.17,6.22,6.119102,952600
WIPRO,29/10/15,6.19,6.19,6.12,6.185,6.08467,794200
WIPRO,30/10/15,6.175,6.285,6.155,6.19,6.089589,1149800
WIPRO,02/11/15,6.195,6.205,6.105,6.19,6.089589,727000
WIPRO,03/11/15,6.16,6.215,6.135,6.185,6.08467,658600
WIPRO,04/11/15,6.165,6.165,6.07,6.135,6.035482,1008600
WIPRO,05/11/15,6.13,6.14,6.045,6.075,5.976455,528400
WIPRO,06/11/15,6.05,6.11,6.035,6.09,5.991211,579800
WIPRO,09/11/15,6.05,6.05,5.875,5.88,5.784618,1958000
WIPRO,10/11/15,5.915,5.965,5.855,5.93,5.833807,933200
WIPRO,11/11/15,5.97,5.97,5.855,5.87,5.77478,522600
WIPRO,12/11/15,5.865,5.94,5.85,5.865,5.769861,812000
WIPRO,13/11/15,5.865,5.865,5.805,5.845,5.750185,874400
WIPRO,16/11/15,5.845,5.905,5.835,5.905,5.809212,3214400
WIPRO,17/11/15,5.915,5.975,5.775,5.875,5.779699,1448600
WIPRO,18/11/15,5.875,5.9,5.84,5.875,5.779699,937600
WIPRO,19/11/15,5.88,6.025,5.88,5.98,5.882996,969800
WIPRO,20/11/15,6.02,6.07,5.965,5.97,5.873158,647600
WIPRO,23/11/15,5.985,6.005,5.945,5.965,5.868239,633600
WIPRO,24/11/15,5.92,5.985,5.905,5.98,5.882996,756000
WIPRO,25/11/15,6,6,5.89,5.89,5.794455,740400
WIPRO,27/11/15,5.95,5.995,5.915,5.97,5.873158,567400
WIPRO,30/11/15,5.995,6.285,5.975,6.275,6.17321,5366800
WIPRO,01/12/15,6.28,6.285,6.15,6.22,6.119102,1772800
WIPRO,02/12/15,6.155,6.195,6.12,6.145,6.045319,1524800
WIPRO,03/12/15,6.11,6.195,6.065,6.07,5.971536,1290200
WIPRO,04/12/15,6.09,6.13,6.025,6.09,5.991211,711000
WIPRO,07/12/15,6.11,6.13,6.07,6.09,5.991211,592200
WIPRO,08/12/15,6.015,6.055,5.97,6.005,5.90759,878200
WIPRO,09/12/15,5.975,6.03,5.955,5.97,5.873158,609600
WIPRO,10/12/15,5.985,5.995,5.935,5.965,5.868239,486600
WIPRO,11/12/15,5.9,5.93,5.865,5.895,5.799375,1289600
WIPRO,14/12/15,5.91,5.96,5.91,5.94,5.843645,676200
WIPRO,15/12/15,6,6.065,5.975,6.005,5.90759,849000
WIPRO,16/12/15,5.965,6.02,5.935,5.985,5.887915,1198200
WIPRO,17/12/15,5.92,5.98,5.835,5.855,5.760024,1499400
WIPRO,18/12/15,5.865,5.895,5.805,5.82,5.725591,1871800
WIPRO,21/12/15,5.875,5.895,5.8,5.85,5.755104,865800
WIPRO,22/12/15,5.915,5.915,5.84,5.9,5.804294,938000
WIPRO,23/12/15,5.92,5.955,5.865,5.9,5.804294,1374200
WIPRO,24/12/15,5.91,5.96,5.91,5.935,5.838726,583400
WIPRO,28/12/15,5.94,5.955,5.84,5.86,5.764942,1939600
WIPRO,29/12/15,5.9,5.92,5.85,5.875,5.779699,1268200
WIPRO,30/12/15,5.835,5.87,5.81,5.82,5.725591,578200
WIPRO,31/12/15,5.84,5.84,5.75,5.77,5.676402,978800
WIPRO,04/01/16,5.68,5.71,5.58,5.6,5.50916,2540400
WIPRO,05/01/16,5.615,5.66,5.59,5.63,5.538674,1288400
WIPRO,06/01/16,5.565,5.66,5.56,5.635,5.543592,1302600
WIPRO,07/01/16,5.595,5.705,5.54,5.6,5.50916,2216600
WIPRO,08/01/16,5.675,5.695,5.57,5.58,5.489484,1169600
WIPRO,11/01/16,5.58,5.58,5.43,5.475,5.386188,1328400
WIPRO,12/01/16,5.585,5.71,5.545,5.68,5.587862,1604200
WIPRO,13/01/16,5.65,5.695,5.53,5.535,5.445215,1172000
WIPRO,14/01/16,5.59,5.725,5.555,5.675,5.582943,1370400
WIPRO,15/01/16,5.545,5.56,5.475,5.525,5.435376,1368000
WIPRO,19/01/16,5.58,5.63,5.485,5.53,5.440296,1403400
WIPRO,20/01/16,5.45,5.645,5.43,5.585,5.494403,1431400
WIPRO,21/01/16,5.62,5.7,5.57,5.655,5.563268,1210200
WIPRO,22/01/16,5.74,5.8,5.685,5.725,5.632132,1154000
WIPRO,25/01/16,5.65,5.705,5.63,5.63,5.574702,821000
WIPRO,26/01/16,5.635,5.74,5.625,5.71,5.653916,1111600
WIPRO,27/01/16,5.695,5.83,5.69,5.72,5.663817,1510800
WIPRO,28/01/16,5.7,5.74,5.65,5.685,5.629161,1097400
WIPRO,29/01/16,5.775,5.86,5.775,5.86,5.802443,581600
WIPRO,01/02/16,5.81,5.94,5.81,5.92,5.861854,1020800
WIPRO,02/02/16,5.86,5.95,5.845,5.885,5.827197,1433000
WIPRO,03/02/16,5.875,5.9,5.785,5.885,5.827197,1025400
WIPRO,04/02/16,5.865,5.965,5.86,5.96,5.90146,1539200
WIPRO,05/02/16,5.915,5.915,5.775,5.85,5.792541,967400
WIPRO,08/02/16,5.71,5.74,5.58,5.66,5.604407,803600
WIPRO,09/02/16,5.615,5.65,5.545,5.595,5.540045,818200
WIPRO,10/02/16,5.61,5.695,5.595,5.62,5.5648,785800
WIPRO,11/02/16,5.505,5.505,5.325,5.495,5.441027,1687800
WIPRO,12/02/16,5.565,5.575,5.46,5.535,5.480635,1381200
WIPRO,16/02/16,5.61,5.62,5.55,5.595,5.540045,1117600
WIPRO,17/02/16,5.64,5.71,5.615,5.685,5.629161,1980800
WIPRO,18/02/16,5.73,5.87,5.725,5.8,5.743032,2045000
WIPRO,19/02/16,5.79,5.835,5.745,5.81,5.752934,1014000
WIPRO,22/02/16,5.81,5.815,5.75,5.775,5.718278,1104400
WIPRO,23/02/16,5.735,5.755,5.7,5.7,5.644014,728200
WIPRO,24/02/16,5.625,5.66,5.575,5.645,5.589555,1131400
WIPRO,25/02/16,5.66,5.675,5.61,5.67,5.614309,747600
WIPRO,26/02/16,5.69,5.69,5.625,5.65,5.594505,749400
WIPRO,29/02/16,5.63,5.63,5.585,5.59,5.535095,1076800
WIPRO,01/03/16,5.655,5.8,5.655,5.775,5.718278,790600
WIPRO,02/03/16,5.78,5.98,5.77,5.965,5.906412,2361000
WIPRO,03/03/16,5.945,5.97,5.91,5.96,5.90146,713800
WIPRO,04/03/16,5.9,5.995,5.9,5.975,5.916313,886200
WIPRO,07/03/16,5.945,6.025,5.93,5.99,5.931165,541800
WIPRO,08/03/16,5.94,5.97,5.88,5.9,5.84205,851600
WIPRO,09/03/16,5.92,5.925,5.86,5.915,5.856902,939400
WIPRO,10/03/16,5.925,5.93,5.82,5.865,5.807394,747000
WIPRO,11/03/16,5.91,5.92,5.875,5.91,5.851951,679400
WIPRO,14/03/16,5.9,6.025,5.895,6,5.941068,984600
WIPRO,15/03/16,5.945,5.98,5.92,5.96,5.90146,1109400
WIPRO,16/03/16,5.955,6.01,5.915,6.01,5.95097,615200
WIPRO,17/03/16,6.005,6.11,5.975,6.08,6.020281,871600
WIPRO,18/03/16,6.15,6.165,6.095,6.165,6.104447,1348400
WIPRO,21/03/16,6.17,6.21,6.17,6.18,6.119299,603400
WIPRO,22/03/16,6.16,6.215,6.13,6.155,6.094545,621600
WIPRO,23/03/16,6.17,6.19,6.135,6.155,6.094545,746000
WIPRO,24/03/16,6.135,6.22,6.125,6.2,6.139103,778000
WIPRO,28/03/16,6.205,6.235,6.14,6.155,6.094545,630000
WIPRO,29/03/16,6.115,6.2,6.115,6.2,6.139103,1624800
WIPRO,30/03/16,6.24,6.295,6.205,6.265,6.203465,894400
WIPRO,31/03/16,6.265,6.355,6.23,6.29,6.228219,1203200
WIPRO,01/04/16,6.24,6.39,6.175,6.375,6.312385,1101400
WIPRO,04/04/16,6.38,6.445,6.365,6.395,6.332188,858000
WIPRO,05/04/16,6.31,6.31,6.18,6.24,6.17871,1708600
WIPRO,06/04/16,6.235,6.24,6.18,6.215,6.153956,814400
WIPRO,07/04/16,6.15,6.215,6.075,6.095,6.035134,1472400
WIPRO,08/04/16,6.135,6.16,6.045,6.06,6.000478,733600
WIPRO,11/04/16,6.23,6.28,6.175,6.195,6.134153,1825400
WIPRO,12/04/16,6.22,6.275,6.195,6.25,6.188612,1266600
WIPRO,13/04/16,6.325,6.4,6.3,6.37,6.307433,1637800
WIPRO,14/04/16,6.355,6.38,6.305,6.345,6.282679,1228800
WIPRO,15/04/16,6.39,6.47,6.375,6.465,6.401501,939600
WIPRO,18/04/16,6.43,6.445,6.34,6.44,6.376746,1324800
WIPRO,19/04/16,6.465,6.54,6.445,6.485,6.421304,1380800
WIPRO,20/04/16,6.4,6.525,6.395,6.48,6.416353,4500200
WIPRO,21/04/16,6.195,6.225,6.13,6.18,6.119299,2656600
WIPRO,22/04/16,6.135,6.205,6.06,6.105,6.045036,1044200
WIPRO,25/04/16,6.095,6.19,6.075,6.145,6.084643,1010400
WIPRO,26/04/16,6.17,6.2,6.125,6.165,6.104447,709200
WIPRO,27/04/16,6.155,6.25,6.135,6.17,6.109398,918000
WIPRO,28/04/16,6.12,6.175,6.08,6.08,6.020281,1128800
WIPRO,29/04/16,6.05,6.095,6.005,6.075,6.015331,999400
WIPRO,02/05/16,6.075,6.09,6,6.025,5.965822,821600
WIPRO,03/05/16,5.965,6.015,5.92,5.945,5.886608,979200
WIPRO,04/05/16,5.9,5.925,5.87,5.91,5.851951,928600
WIPRO,05/05/16,5.92,5.955,5.895,5.905,5.847001,1091200
WIPRO,06/05/16,5.835,5.94,5.825,5.925,5.866804,1212800
WIPRO,09/05/16,5.935,6.02,5.935,6,5.941068,1197400
WIPRO,10/05/16,5.97,6.02,5.955,5.98,5.921264,1190000
WIPRO,11/05/16,5.97,5.995,5.945,5.95,5.891558,531000
WIPRO,12/05/16,5.985,6.02,5.93,5.97,5.911362,717000
WIPRO,13/05/16,5.95,5.995,5.915,5.925,5.866804,619200
WIPRO,16/05/16,5.965,6.005,5.935,5.99,5.931165,539800
WIPRO,17/05/16,5.98,5.985,5.91,5.92,5.861854,620000
WIPRO,18/05/16,5.92,6.015,5.905,5.97,5.911362,1519800
WIPRO,19/05/16,5.94,5.97,5.9,5.935,5.876706,442400
WIPRO,20/05/16,5.955,6,5.955,6,5.941068,520400
WIPRO,23/05/16,5.985,5.985,5.945,5.975,5.916313,498600
WIPRO,24/05/16,5.98,6.01,5.945,6,5.941068,1870600
WIPRO,25/05/16,6.035,6.07,5.995,6.06,6.000478,1082200
WIPRO,26/05/16,6.085,6.09,6.035,6.065,6.005429,876600
WIPRO,27/05/16,6.075,6.085,6.04,6.085,6.025233,822000
WIPRO,31/05/16,6.075,6.075,5.99,6.005,5.946019,2270200
WIPRO,01/06/16,6.005,6.105,6.005,6.09,6.030183,853200
WIPRO,02/06/16,6.05,6.07,5.985,6.07,6.010381,1930200
WIPRO,03/06/16,6.055,6.08,6.03,6.065,6.005429,861400
WIPRO,06/06/16,6.06,6.065,5.995,6.04,5.980675,1259400
WIPRO,07/06/16,6.055,6.095,6.035,6.095,6.035134,1370600
WIPRO,08/06/16,6.115,6.12,6.08,6.105,6.045036,344400
WIPRO,09/06/16,6.06,6.09,6.04,6.07,6.010381,915600
WIPRO,10/06/16,6.045,6.06,6.025,6.05,5.990577,869800
WIPRO,13/06/16,6,6.04,5.96,5.98,5.921264,505800
WIPRO,14/06/16,6,6.01,5.955,5.98,5.921264,745400
WIPRO,15/06/16,5.98,6.015,5.96,5.99,5.931165,1196200
WIPRO,16/06/16,5.98,6.015,5.96,6,5.941068,681600
WIPRO,17/06/16,6,6.01,5.975,5.995,5.936117,1352600
WIPRO,20/06/16,6.075,6.135,6.075,6.095,6.035134,496200
WIPRO,21/06/16,6.115,6.135,6.07,6.1,6.040086,517400
WIPRO,22/06/16,6.12,6.16,6.105,6.125,6.064839,447600
WIPRO,23/06/16,6.185,6.195,6.155,6.16,6.099496,642800
WIPRO,24/06/16,5.925,6,5.915,5.935,5.876706,879600
WIPRO,27/06/16,5.9,5.905,5.835,5.865,5.807394,1117000
WIPRO,28/06/16,5.89,5.95,5.875,5.95,5.891558,1205800
WIPRO,29/06/16,6.04,6.085,6.01,6.07,6.010381,788000
WIPRO,30/06/16,6.09,6.185,6.02,6.18,6.119299,1441600
WIPRO,01/07/16,6.17,6.18,6.155,6.165,6.104447,352600
WIPRO,05/07/16,6.14,6.14,6.09,6.125,6.064839,690400
WIPRO,06/07/16,6.09,6.105,6.045,6.09,6.030183,1221800
WIPRO,07/07/16,6.07,6.115,6.045,6.06,6.007877,721800
WIPRO,08/07/16,6.1,6.125,6.08,6.125,6.072318,571000
WIPRO,11/07/16,6.175,6.215,6.165,6.205,6.15163,513400
WIPRO,12/07/16,6.225,6.235,6.185,6.23,6.176415,1078000
WIPRO,13/07/16,6.235,6.235,6.185,6.22,6.166501,961600
WIPRO,14/07/16,6.21,6.23,6.175,6.175,6.121889,848800
WIPRO,15/07/16,6.025,6.07,5.95,5.975,5.923608,2048000
WIPRO,18/07/16,5.95,5.97,5.9,5.925,5.874038,919000
WIPRO,19/07/16,5.725,5.775,5.515,5.52,5.472522,2699600
WIPRO,20/07/16,5.675,5.815,5.675,5.735,5.685673,1738200
WIPRO,21/07/16,5.75,5.78,5.665,5.665,5.616275,1256200
WIPRO,22/07/16,5.68,5.68,5.615,5.625,5.576618,909600
WIPRO,25/07/16,5.66,5.71,5.65,5.665,5.616275,1010800
WIPRO,26/07/16,5.67,5.715,5.66,5.685,5.636103,1133000
WIPRO,27/07/16,5.73,5.745,5.705,5.72,5.670802,1416600
WIPRO,28/07/16,5.76,5.795,5.735,5.76,5.710458,1612400
WIPRO,29/07/16,5.76,5.765,5.65,5.67,5.621232,1010600
WIPRO,01/08/16,5.755,5.815,5.75,5.785,5.735242,2283800
WIPRO,02/08/16,5.77,5.775,5.695,5.7,5.650973,842600
WIPRO,03/08/16,5.68,5.69,5.65,5.68,5.631145,829200
WIPRO,04/08/16,5.67,5.695,5.665,5.685,5.636103,683400
WIPRO,05/08/16,5.695,5.735,5.68,5.695,5.646017,536600
WIPRO,08/08/16,5.7,5.725,5.675,5.685,5.636103,739800
WIPRO,09/08/16,5.67,5.7,5.64,5.645,5.596447,1671000
WIPRO,10/08/16,5.625,5.645,5.61,5.63,5.581576,893600
WIPRO,11/08/16,5.63,5.675,5.63,5.665,5.616275,662000
WIPRO,12/08/16,5.65,5.7,5.625,5.645,5.596447,277800
WIPRO,15/08/16,5.67,5.68,5.65,5.665,5.616275,448600
WIPRO,16/08/16,5.645,5.65,5.605,5.615,5.566705,510000
WIPRO,17/08/16,5.57,5.585,5.485,5.52,5.472522,1404400
WIPRO,18/08/16,5.5,5.5,5.445,5.46,5.413038,1296400
WIPRO,19/08/16,5.41,5.435,5.39,5.405,5.358511,959000
WIPRO,22/08/16,5.375,5.38,5.31,5.33,5.284156,1282000
WIPRO,23/08/16,5.365,5.4,5.36,5.375,5.328769,1851000
WIPRO,24/08/16,5.38,5.38,5.295,5.3,5.254414,917000
WIPRO,25/08/16,5.245,5.28,5.215,5.24,5.19493,1402000
WIPRO,26/08/16,5.18,5.215,5.145,5.175,5.13049,1724600
WIPRO,29/08/16,5.15,5.16,5.085,5.085,5.041264,1417000
WIPRO,30/08/16,5.12,5.18,5.09,5.105,5.061091,1017600
WIPRO,31/08/16,5.115,5.165,5.08,5.16,5.115618,1843600
WIPRO,01/09/16,5.13,5.15,5.105,5.135,5.090834,1472200
WIPRO,02/09/16,5.155,5.205,5.155,5.195,5.150317,1154400
WIPRO,06/09/16,5.205,5.21,5.14,5.17,5.125532,905000
WIPRO,07/09/16,5.175,5.18,5.095,5.11,5.066049,870400
WIPRO,08/09/16,5.08,5.1,5.015,5.02,4.976822,1578000
WIPRO,09/09/16,5.005,5.015,4.905,4.91,4.867768,2236800
WIPRO,12/09/16,4.965,4.975,4.92,4.95,4.907424,1588200
WIPRO,13/09/16,4.9,4.93,4.855,4.865,4.823155,1886000
WIPRO,14/09/16,4.88,4.92,4.86,4.875,4.83307,1748800
WIPRO,15/09/16,4.875,4.935,4.86,4.905,4.862812,1645800
WIPRO,16/09/16,4.89,4.91,4.845,4.845,4.803327,1726200
WIPRO,19/09/16,4.875,4.955,4.87,4.935,4.892553,1664600
WIPRO,20/09/16,4.95,4.985,4.91,4.91,4.867768,1060600
WIPRO,21/09/16,4.94,4.94,4.875,4.905,4.862812,2349600
WIPRO,22/09/16,4.935,4.95,4.9,4.92,4.877682,2116000
WIPRO,23/09/16,4.9,4.965,4.875,4.885,4.842984,1903600
WIPRO,26/09/16,4.89,4.915,4.855,4.875,4.83307,2005200
WIPRO,27/09/16,4.915,4.955,4.895,4.915,4.872725,1877400
WIPRO,28/09/16,4.92,4.935,4.875,4.89,4.84794,1259800
WIPRO,29/09/16,4.885,4.955,4.855,4.89,4.84794,2998800
WIPRO,30/09/16,4.93,4.94,4.85,4.855,4.813241,2082400
WIPRO,03/10/16,4.895,4.895,4.84,4.865,4.823155,2071800
WIPRO,04/10/16,4.865,4.905,4.83,4.845,4.803327,1408800
WIPRO,05/10/16,4.835,4.875,4.835,4.86,4.818199,1227600
WIPRO,06/10/16,4.86,4.89,4.845,4.875,4.83307,1086000
WIPRO,07/10/16,4.875,4.88,4.85,4.87,4.828113,1051800
WIPRO,10/10/16,4.895,4.92,4.885,4.91,4.867768,534400
WIPRO,11/10/16,4.91,4.93,4.845,4.85,4.808285,1261000
WIPRO,12/10/16,4.86,4.865,4.825,4.845,4.803327,1381400
WIPRO,13/10/16,4.815,4.965,4.815,4.955,4.912381,2271200
WIPRO,14/10/16,4.905,4.905,4.86,4.88,4.838027,1464400
WIPRO,17/10/16,4.86,4.91,4.86,4.9,4.857855,2092200
WIPRO,18/10/16,5.02,5.045,4.99,4.995,4.952037,1819600
WIPRO,19/10/16,5.085,5.095,5.025,5.03,4.986737,2062200
WIPRO,20/10/16,5.075,5.075,4.92,4.96,4.917338,1873200
WIPRO,21/10/16,4.945,4.945,4.88,4.89,4.84794,1590800
WIPRO,24/10/16,4.82,4.87,4.81,4.865,4.823155,2067800
WIPRO,25/10/16,4.865,4.865,4.825,4.845,4.803327,1738600
WIPRO,26/10/16,4.775,4.82,4.755,4.79,4.7488,1596400
WIPRO,27/10/16,4.725,4.75,4.71,4.725,4.68436,2454800
WIPRO,28/10/16,4.74,4.82,4.73,4.815,4.773586,2364600
WIPRO,31/10/16,4.83,4.84,4.815,4.835,4.793414,1527200
WIPRO,01/11/16,4.805,4.83,4.78,4.825,4.783499,2370600
WIPRO,02/11/16,4.795,4.82,4.75,4.78,4.738887,710800
WIPRO,03/11/16,4.715,4.74,4.695,4.705,4.664532,1133000
WIPRO,04/11/16,4.705,4.785,4.695,4.735,4.694274,1290600
WIPRO,07/11/16,4.76,4.835,4.745,4.835,4.793414,3032400
WIPRO,08/11/16,4.765,4.8,4.745,4.77,4.728973,1634600
WIPRO,09/11/16,4.695,4.73,4.625,4.72,4.679402,1663400
WIPRO,10/11/16,4.7,4.755,4.655,4.695,4.654618,1817600
WIPRO,11/11/16,4.67,4.695,4.63,4.64,4.600091,1314200
WIPRO,14/11/16,4.65,4.67,4.545,4.605,4.565392,1317600
WIPRO,15/11/16,4.64,4.68,4.575,4.64,4.600091,2578200
WIPRO,16/11/16,4.605,4.725,4.605,4.68,4.639747,1487000
WIPRO,17/11/16,4.67,4.67,4.615,4.64,4.600091,1073400
WIPRO,18/11/16,4.635,4.65,4.615,4.62,4.580263,719600
WIPRO,21/11/16,4.635,4.69,4.6,4.635,4.595134,827400
WIPRO,22/11/16,4.66,4.695,4.64,4.68,4.639747,1151600
WIPRO,23/11/16,4.66,4.725,4.645,4.7,4.659575,1281000
WIPRO,25/11/16,4.74,4.855,4.74,4.85,4.808285,721000
WIPRO,28/11/16,4.825,4.83,4.765,4.8,4.758715,1210000
WIPRO,29/11/16,4.8,4.8,4.76,4.79,4.7488,847200
WIPRO,30/11/16,4.785,4.86,4.785,4.795,4.753758,3884400
WIPRO,01/12/16,4.805,4.815,4.72,4.735,4.694274,1620000
WIPRO,02/12/16,4.72,4.72,4.635,4.665,4.624876,1211400
WIPRO,05/12/16,4.69,4.695,4.615,4.635,4.595134,1150400
WIPRO,06/12/16,4.665,4.685,4.63,4.67,4.629833,1263600
WIPRO,07/12/16,4.655,4.735,4.635,4.715,4.674446,1611200
WIPRO,08/12/16,4.72,4.735,4.655,4.675,4.63479,1684400
WIPRO,09/12/16,4.685,4.705,4.625,4.67,4.629833,2441400
WIPRO,12/12/16,4.625,4.705,4.62,4.675,4.63479,830200
WIPRO,13/12/16,4.71,4.815,4.71,4.81,4.768629,1231000
WIPRO,14/12/16,4.8,4.825,4.715,4.72,4.679402,1254600
WIPRO,15/12/16,4.72,4.85,4.71,4.81,4.768629,2336000
WIPRO,16/12/16,4.795,4.805,4.77,4.805,4.763671,3378800
WIPRO,19/12/16,4.795,4.82,4.76,4.815,4.773586,746000
WIPRO,20/12/16,4.84,4.845,4.8,4.81,4.768629,852800
WIPRO,21/12/16,4.79,4.85,4.765,4.79,4.7488,1292000
WIPRO,22/12/16,4.765,4.785,4.71,4.765,4.724015,855800
WIPRO,23/12/16,4.725,4.785,4.725,4.775,4.73393,762600
WIPRO,27/12/16,4.79,4.83,4.785,4.805,4.763671,658000
WIPRO,28/12/16,4.81,4.82,4.745,4.765,4.724015,533200
WIPRO,29/12/16,4.785,4.815,4.77,4.8,4.758715,767600
WIPRO,30/12/16,4.805,4.85,4.805,4.84,4.798371,596200
WIPRO,03/01/17,4.79,4.84,4.73,4.765,4.724015,1772000
WIPRO,04/01/17,4.795,4.9,4.795,4.885,4.842984,786600
WIPRO,05/01/17,4.895,4.93,4.885,4.92,4.877682,808400
WIPRO,06/01/17,4.845,4.9,4.795,4.89,4.84794,1326200
WIPRO,09/01/17,4.905,4.905,4.86,4.875,4.83307,653400
WIPRO,10/01/17,4.9,4.905,4.855,4.875,4.83307,907400
WIPRO,11/01/17,4.875,4.93,4.86,4.925,4.88264,832800
WIPRO,12/01/17,4.94,4.94,4.875,4.905,4.862812,651200
WIPRO,13/01/17,4.905,4.915,4.86,4.88,4.838027,763200
WIPRO,17/01/17,4.87,4.99,4.85,4.955,4.912381,1116400
WIPRO,18/01/17,4.96,4.96,4.845,4.88,4.838027,1143200
WIPRO,19/01/17,4.87,4.915,4.85,4.88,4.838027,701400
WIPRO,20/01/17,4.88,4.92,4.815,4.865,4.823155,460200
WIPRO,23/01/17,4.875,4.89,4.825,4.84,4.798371,917600
WIPRO,24/01/17,4.875,4.89,4.795,4.885,4.842984,936800
WIPRO,25/01/17,4.895,4.9,4.69,4.81,4.768629,1242000
WIPRO,26/01/17,4.815,4.85,4.735,4.75,4.709145,1397800
WIPRO,27/01/17,4.75,4.815,4.735,4.76,4.719059,1005400
WIPRO,30/01/17,4.72,4.72,4.635,4.65,4.610005,1526200
WIPRO,31/01/17,4.635,4.635,4.565,4.615,4.575306,1316600
WIPRO,01/02/17,4.63,4.635,4.5,4.525,4.500219,2347400
WIPRO,02/02/17,4.53,4.585,4.51,4.545,4.52011,1196400
WIPRO,03/02/17,4.59,4.6,4.545,4.565,4.54,1092400
WIPRO,06/02/17,4.575,4.58,4.525,4.545,4.52011,1582000
WIPRO,07/02/17,4.555,4.58,4.51,4.57,4.544973,1107800
WIPRO,08/02/17,4.585,4.59,4.555,4.57,4.544973,1097400
WIPRO,09/02/17,4.6,4.72,4.6,4.675,4.649398,1051000
WIPRO,10/02/17,4.665,4.69,4.65,4.67,4.644425,915200
WIPRO,13/02/17,4.71,4.75,4.705,4.725,4.699124,608800
WIPRO,14/02/17,4.725,4.785,4.725,4.78,4.753823,902200
WIPRO,15/02/17,4.76,4.815,4.74,4.81,4.783659,825600
WIPRO,16/02/17,4.835,4.845,4.82,4.83,4.803549,593400
WIPRO,17/02/17,4.815,4.825,4.755,4.76,4.733932,732200
WIPRO,21/02/17,4.745,4.81,4.74,4.81,4.783659,947600
WIPRO,22/02/17,4.78,4.815,4.75,4.8,4.773714,681400
WIPRO,23/02/17,4.905,4.905,4.835,4.87,4.84333,1100000
WIPRO,24/02/17,4.825,4.895,4.825,4.895,4.868193,578200
WIPRO,27/02/17,4.895,4.92,4.855,4.915,4.888083,603400
WIPRO,28/02/17,4.895,4.895,4.86,4.89,4.86322,1520000
WIPRO,01/03/17,4.9,4.95,4.875,4.94,4.912947,1252200
WIPRO,02/03/17,4.91,4.96,4.895,4.945,4.91792,802200
WIPRO,03/03/17,4.95,4.97,4.925,4.93,4.903001,574000
WIPRO,06/03/17,4.905,4.935,4.86,4.925,4.898029,777400
WIPRO,07/03/17,4.935,4.95,4.89,4.93,4.903001,893800
WIPRO,08/03/17,4.93,4.955,4.905,4.93,4.903001,941600
WIPRO,09/03/17,4.91,4.91,4.865,4.885,4.858248,647600
WIPRO,10/03/17,4.92,4.985,4.91,4.975,4.947755,773000
WIPRO,13/03/17,5.005,5.065,4.945,4.99,4.962673,1121800
WIPRO,14/03/17,4.985,5.03,4.97,5.005,4.977591,1381000
WIPRO,15/03/17,5.005,5.005,4.865,4.9,4.873166,2573000
WIPRO,16/03/17,4.945,5.11,4.945,5.1,5.07207,1664400
WIPRO,17/03/17,5.105,5.13,5,5.015,4.987536,2208000
WIPRO,20/03/17,4.995,5.025,4.95,4.98,4.952728,1022200
WIPRO,21/03/17,5.02,5.07,4.98,4.985,4.9577,705000
WIPRO,22/03/17,4.985,5.07,4.985,5.045,5.017372,673600
WIPRO,23/03/17,5.095,5.115,5.07,5.1,5.07207,917200
WIPRO,24/03/17,5.12,5.12,5.08,5.08,5.05218,483800
WIPRO,27/03/17,5.055,5.11,5.055,5.11,5.082016,777000
WIPRO,28/03/17,5.125,5.17,5.1,5.12,5.091961,781000
WIPRO,29/03/17,5.115,5.145,5.08,5.125,5.096933,917800
WIPRO,30/03/17,5.145,5.17,5.125,5.135,5.106879,806200
WIPRO,31/03/17,5.15,5.205,5.105,5.115,5.086988,2027400
WIPRO,03/04/17,5.085,5.115,5.005,5.035,5.007426,1539200
WIPRO,04/04/17,5.035,5.045,4.985,5,4.972618,924400
WIPRO,05/04/17,5.03,5.08,5.005,5.07,5.042235,2059400
WIPRO,06/04/17,5.08,5.09,5.01,5.03,5.002454,1644200
WIPRO,07/04/17,5.035,5.055,5.01,5.035,5.007426,1281200
WIPRO,10/04/17,5,5.01,4.955,4.96,4.932837,944200
WIPRO,11/04/17,5,5.01,4.92,4.96,4.932837,1395200
WIPRO,12/04/17,4.945,4.945,4.855,4.89,4.86322,1732800
WIPRO,13/04/17,4.81,4.885,4.78,4.815,4.788631,1748600
WIPRO,17/04/17,4.81,4.89,4.81,4.845,4.818467,687800
WIPRO,18/04/17,4.84,4.885,4.805,4.86,4.833385,1430000
WIPRO,19/04/17,4.9,4.93,4.885,4.915,4.888083,1161400
WIPRO,20/04/17,4.915,4.945,4.895,4.925,4.898029,1186000
WIPRO,21/04/17,4.84,4.915,4.815,4.85,4.82344,742200
WIPRO,24/04/17,4.88,4.895,4.855,4.89,4.86322,1002800
WIPRO,25/04/17,4.985,4.995,4.84,4.845,4.818467,2675800
WIPRO,26/04/17,4.845,4.945,4.785,4.875,4.848303,1958400
WIPRO,27/04/17,4.9,4.925,4.885,4.915,4.888083,1740400
WIPRO,28/04/17,4.93,4.94,4.885,4.925,4.898029,1637000
WIPRO,01/05/17,4.92,4.965,4.915,4.945,4.91792,1045200
WIPRO,02/05/17,4.96,5.015,4.95,4.98,4.952728,2282200
WIPRO,03/05/17,4.98,5.015,4.945,4.965,4.93781,958200
WIPRO,04/05/17,4.995,5,4.975,4.975,4.947755,944000
WIPRO,05/05/17,4.965,5.01,4.945,4.975,4.947755,922000
WIPRO,08/05/17,5.015,5.08,4.96,5.065,5.037262,1245000
WIPRO,09/05/17,5.075,5.11,5.065,5.1,5.07207,1192600
WIPRO,10/05/17,5.08,5.09,5.02,5.045,5.017372,1351800
WIPRO,11/05/17,5.005,5.075,5.005,5.055,5.027317,1173400
WIPRO,12/05/17,5.065,5.09,5.065,5.075,5.047207,625600
WIPRO,15/05/17,5.105,5.135,5.075,5.135,5.106879,751200
WIPRO,16/05/17,5.155,5.24,5.14,5.22,5.191413,1545400
WIPRO,17/05/17,5.165,5.18,5.11,5.125,5.096933,1624600
WIPRO,18/05/17,5.14,5.195,5.14,5.19,5.161578,939200
WIPRO,19/05/17,5.2,5.225,5.155,5.225,5.196386,1302800
WIPRO,22/05/17,5.22,5.235,5.195,5.225,5.196386,582200
WIPRO,23/05/17,5.255,5.3,5.235,5.255,5.226222,913600
WIPRO,24/05/17,5.255,5.32,5.255,5.3,5.270975,1147400
WIPRO,25/05/17,5.39,5.45,5.36,5.435,5.405236,1466200
WIPRO,26/05/17,5.425,5.445,5.395,5.43,5.400263,1338000
WIPRO,30/05/17,5.405,5.435,5.39,5.41,5.380373,3240600
WIPRO,31/05/17,5.41,5.43,5.36,5.39,5.360482,1886000
WIPRO,01/06/17,5.445,5.46,5.37,5.46,5.430099,1550600
WIPRO,02/06/17,5.55,5.55,5.37,5.405,5.375401,1174400
WIPRO,05/06/17,5.455,5.5,5.435,5.48,5.449989,1130200
WIPRO,06/06/17,5.505,5.505,5.455,5.47,5.440044,1305800
WIPRO,07/06/17,5.21,5.43,5.21,5.43,5.400263,6470800
WIPRO,08/06/17,5.415,5.42,5.36,5.405,5.375401,1906600
WIPRO,09/06/17,5.355,5.375,5.16,5.225,5.196386,4149000
WIPRO,12/06/17,4.775,5.195,4.75,5.195,5.16655,3298800
WIPRO,13/06/17,5.19,5.205,5.095,5.115,5.086988,1826600
WIPRO,14/06/17,5.12,5.14,5.035,5.07,5.042235,1821400
WIPRO,15/06/17,5.035,5.055,4.96,5.03,5.002454,2928800
WIPRO,16/06/17,4.99,5,4.885,4.91,4.883111,3727600
WIPRO,19/06/17,4.925,4.93,4.89,4.92,4.893056,2251400
WIPRO,20/06/17,4.9,4.98,4.89,4.945,4.91792,1776800
WIPRO,21/06/17,4.99,4.99,4.835,4.985,4.9577,2782000
WIPRO,22/06/17,5.03,5.09,4.97,5.07,5.042235,1703400
WIPRO,23/06/17,5.07,5.1,5.05,5.09,5.062125,1280600
WIPRO,26/06/17,5.07,5.14,5.07,5.12,5.091961,1011200
WIPRO,27/06/17,5.09,5.1,5.06,5.1,5.07207,935300
WIPRO,28/06/17,5.1,5.14,5.08,5.1,5.07207,451500
WIPRO,29/06/17,5.1,5.19,5.08,5.13,5.101906,967800
WIPRO,30/06/17,5.15,5.22,5.15,5.2,5.171523,1058800
WIPRO,03/07/17,5.22,5.25,5.19,5.21,5.181468,360600
WIPRO,05/07/17,5.21,5.23,5.14,5.21,5.181468,948700
WIPRO,06/07/17,5.23,5.25,5.15,5.18,5.151632,614900
WIPRO,07/07/17,5.18,5.21,5.07,5.16,5.131742,1175300
WIPRO,10/07/17,5.21,5.34,5.21,5.29,5.26103,2109400
WIPRO,11/07/17,5.29,5.29,5.15,5.25,5.221249,1164700
WIPRO,12/07/17,5.27,5.35,5.26,5.34,5.310757,884700
WIPRO,13/07/17,5.3,5.35,5.23,5.35,5.320701,1111800
WIPRO,14/07/17,5.35,5.44,5.34,5.43,5.400263,1177800
WIPRO,17/07/17,5.43,5.52,5.43,5.47,5.440044,1066000
WIPRO,18/07/17,5.46,5.5,5.44,5.47,5.440044,863100
WIPRO,19/07/17,5.46,5.47,5.36,5.44,5.410208,905900
WIPRO,20/07/17,5.48,5.79,5.48,5.75,5.718511,1960400
WIPRO,21/07/17,5.76,6.15,5.74,6.05,6.016868,3697300
WIPRO,24/07/17,6.04,6.08,5.99,6.01,5.977087,1942100
WIPRO,25/07/17,6.02,6.13,6,6.12,6.086484,1414400
WIPRO,26/07/17,6.16,6.2,6.14,6.16,6.126266,1670600
WIPRO,27/07/17,6.2,6.23,6.05,6.12,6.086484,1435300
WIPRO,28/07/17,6.1,6.17,6.04,6.1,6.066594,1389000
WIPRO,31/07/17,6.06,6.18,6.06,6.15,6.116321,1138900
WIPRO,01/08/17,6.19,6.4,6.19,6.37,6.335115,1746200
WIPRO,02/08/17,6.37,6.38,6.27,6.34,6.30528,1172400
WIPRO,03/08/17,6.32,6.32,6.28,6.3,6.265499,641700
WIPRO,04/08/17,6.29,6.3,6.2,6.22,6.185936,1336200
WIPRO,07/08/17,6.23,6.25,6.09,6.11,6.07654,1728500
WIPRO,08/08/17,6.08,6.21,6.08,6.14,6.106375,1195800
WIPRO,09/08/17,6.11,6.16,6.11,6.15,6.116321,1078500
WIPRO,10/08/17,6.13,6.22,6.13,6.13,6.09643,1608700
WIPRO,11/08/17,6.16,6.22,6.15,6.16,6.126266,1418100
WIPRO,14/08/17,6.19,6.22,6.08,6.12,6.086484,1428100
WIPRO,15/08/17,6.12,6.16,6.1,6.13,6.09643,632700
WIPRO,16/08/17,6.14,6.18,6.08,6.09,6.056649,1930800
WIPRO,17/08/17,6.12,6.12,5.94,5.96,5.927361,2115000
WIPRO,18/08/17,6.07,6.08,5.96,5.96,5.927361,1332200
WIPRO,21/08/17,6,6,5.91,5.96,5.927361,1046600
WIPRO,22/08/17,5.97,6.01,5.95,6,5.967142,782100
WIPRO,23/08/17,6,6.01,5.98,6,5.967142,657800
WIPRO,24/08/17,6,6.02,5.97,5.99,5.957196,740000
WIPRO,25/08/17,6,6.05,5.93,5.96,5.927361,1144700
WIPRO,28/08/17,6.02,6.05,5.92,5.94,5.907471,1289300
WIPRO,29/08/17,5.91,6.01,5.91,5.92,5.88758,1437000
WIPRO,30/08/17,5.94,5.95,5.91,5.94,5.907471,1059200
WIPRO,31/08/17,6,6.03,5.93,5.94,5.907471,1356500
WIPRO,01/09/17,5.95,5.99,5.89,5.92,5.88758,1036400
WIPRO,05/09/17,5.93,5.96,5.87,5.92,5.88758,1586000
WIPRO,06/09/17,5.93,6.03,5.92,5.98,5.947251,1550000
WIPRO,07/09/17,5.98,6.04,5.98,5.99,5.957196,1513200
WIPRO,08/09/17,5.99,5.99,5.9,5.98,5.947251,1318600
WIPRO,11/09/17,6.04,6.04,5.96,5.98,5.947251,1181300
WIPRO,12/09/17,5.97,5.99,5.96,5.97,5.937306,936900
WIPRO,13/09/17,5.94,6,5.94,6,5.967142,2201200
WIPRO,14/09/17,5.89,5.91,5.57,5.7,5.668784,4124700
WIPRO,15/09/17,5.71,5.81,5.69,5.8,5.768237,1540500
WIPRO,18/09/17,5.72,5.77,5.67,5.76,5.728456,2124500
WIPRO,19/09/17,5.77,5.78,5.63,5.65,5.619059,1193700
WIPRO,20/09/17,5.71,5.75,5.56,5.63,5.599168,1812400
WIPRO,21/09/17,5.66,5.66,5.6,5.62,5.589222,1003500
WIPRO,22/09/17,5.67,5.71,5.64,5.68,5.648894,1225100
WIPRO,25/09/17,5.62,5.67,5.6,5.62,5.589222,1097600
WIPRO,26/09/17,5.58,5.61,5.55,5.6,5.569333,1404700
WIPRO,27/09/17,5.58,5.62,5.5,5.61,5.579278,2288100
WIPRO,28/09/17,5.59,5.67,5.58,5.64,5.609113,1180600
WIPRO,29/09/17,5.61,5.7,5.58,5.68,5.648894,1874500
WIPRO,02/10/17,5.66,5.68,5.58,5.66,5.629004,2082100
WIPRO,03/10/17,5.65,5.65,5.59,5.62,5.589222,994900
WIPRO,04/10/17,5.64,5.65,5.53,5.53,5.499716,1817400
WIPRO,05/10/17,5.56,5.56,5.47,5.5,5.46988,1340800
WIPRO,06/10/17,5.53,5.55,5.47,5.49,5.459934,904700
WIPRO,09/10/17,5.54,5.57,5.48,5.5,5.46988,982600
WIPRO,10/10/17,5.5,5.52,5.48,5.5,5.46988,732300
WIPRO,11/10/17,5.54,5.57,5.5,5.5,5.46988,1012700
WIPRO,12/10/17,5.55,5.56,5.49,5.52,5.48977,1124200
WIPRO,13/10/17,5.56,5.63,5.53,5.55,5.519607,916100
WIPRO,16/10/17,5.53,5.55,5.42,5.46,5.430099,1366000
WIPRO,17/10/17,5.5,5.51,5.28,5.37,5.340592,3162000
WIPRO,18/10/17,5.49,5.49,5.34,5.38,5.350537,1817100
WIPRO,19/10/17,5.36,5.38,5.3,5.34,5.310757,1788100
WIPRO,20/10/17,5.35,5.48,5.33,5.43,5.400263,790900
WIPRO,23/10/17,5.48,5.48,5.4,5.43,5.400263,736900
WIPRO,24/10/17,5.44,5.45,5.29,5.31,5.280921,1864200
WIPRO,25/10/17,5.33,5.38,5.25,5.26,5.231194,2286200
WIPRO,26/10/17,5.3,5.3,5.17,5.17,5.141687,1984800
WIPRO,27/10/17,5.19,5.21,5.06,5.18,5.151632,3629900
WIPRO,30/10/17,5.18,5.27,5.16,5.24,5.211304,1688800
WIPRO,31/10/17,5.24,5.38,5.24,5.36,5.330647,1092200
WIPRO,01/11/17,5.36,5.37,5.2,5.21,5.181468,1450200
WIPRO,02/11/17,5.25,5.25,5.13,5.18,5.151632,1219200
WIPRO,03/11/17,5.19,5.21,5.12,5.13,5.101906,1732300
WIPRO,06/11/17,5.19,5.23,5.11,5.12,5.091961,1386000
WIPRO,07/11/17,5.2,5.26,5.05,5.05,5.022345,3092600
WIPRO,08/11/17,5.1,5.11,5.07,5.09,5.062125,2041900
WIPRO,09/11/17,5.13,5.13,5.07,5.07,5.042235,1481800
WIPRO,10/11/17,5.07,5.09,5.01,5.03,5.002454,860500
WIPRO,13/11/17,5.03,5.1,4.95,5.09,5.062125,2084300
WIPRO,14/11/17,5.07,5.18,5.03,5.17,5.141687,1871800
WIPRO,15/11/17,5.09,5.14,5.09,5.12,5.091961,1118100
WIPRO,16/11/17,5.17,5.3,5.14,5.27,5.241139,2033900
WIPRO,17/11/17,5.3,5.3,5.25,5.28,5.251085,1151900
WIPRO,20/11/17,5.25,5.35,5.25,5.33,5.300811,1808900
WIPRO,21/11/17,5.3,5.34,5.3,5.34,5.310757,1364400
WIPRO,22/11/17,5.3,5.3,5.25,5.28,5.251085,870000
WIPRO,24/11/17,5.29,5.31,5.25,5.26,5.231194,365800
WIPRO,27/11/17,5.31,5.32,5.28,5.3,5.270975,1080100
WIPRO,28/11/17,5.34,5.35,5.31,5.31,5.280921,1062700
WIPRO,29/11/17,5.35,5.47,5.3,5.32,5.290866,1742000
WIPRO,30/11/17,5.31,5.4,5.28,5.39,5.360482,3612600
WIPRO,01/12/17,5.3,5.34,5.04,5.15,5.121797,2364000
WIPRO,04/12/17,5.2,5.2,5.1,5.12,5.091961,1010900
WIPRO,05/12/17,5.1,5.2,5.08,5.18,5.151632,1894100
WIPRO,06/12/17,5.14,5.17,5.14,5.16,5.131742,706900
WIPRO,07/12/17,5.17,5.18,5.12,5.17,5.141687,436400
WIPRO,08/12/17,5.2,5.24,5.18,5.24,5.211304,610300
WIPRO,11/12/17,5.27,5.38,5.26,5.36,5.330647,937100
WIPRO,12/12/17,5.3,5.32,5.24,5.3,5.270975,845700
WIPRO,13/12/17,5.31,5.37,5.31,5.34,5.310757,1266800
WIPRO,14/12/17,5.38,5.4,5.33,5.36,5.330647,1184500
WIPRO,15/12/17,5.37,5.39,5.32,5.33,5.300811,3432000
WIPRO,18/12/17,5.38,5.55,5.38,5.52,5.48977,2111500
WIPRO,19/12/17,5.48,5.62,5.43,5.59,5.559387,2417600
WIPRO,20/12/17,5.6,5.61,5.56,5.57,5.539496,769700
WIPRO,21/12/17,5.58,5.62,5.51,5.52,5.48977,782900
WIPRO,22/12/17,5.59,5.59,5.48,5.5,5.46988,985400
WIPRO,26/12/17,5.5,5.52,5.46,5.47,5.440044,245900
WIPRO,27/12/17,5.5,5.5,5.42,5.44,5.410208,420600
WIPRO,28/12/17,5.45,5.48,5.35,5.41,5.380373,1110700
WIPRO,29/12/17,5.47,5.5,5.46,5.47,5.440044,512500
WIPRO,02/01/18,5.5,5.71,5.49,5.71,5.67873,1676400
WIPRO,03/01/18,5.68,5.71,5.57,5.67,5.638949,1508000
WIPRO,04/01/18,5.68,5.73,5.63,5.65,5.619059,1610400
WIPRO,05/01/18,5.65,5.68,5.52,5.56,5.529551,1210100
WIPRO,08/01/18,5.56,5.69,5.55,5.67,5.638949,970300
WIPRO,09/01/18,5.68,5.7,5.63,5.7,5.668784,675100
WIPRO,10/01/18,5.76,5.81,5.72,5.81,5.778183,806900
WIPRO,11/01/18,5.72,5.76,5.66,5.72,5.688675,713300
WIPRO,12/01/18,5.7,5.74,5.68,5.68,5.648894,654700
WIPRO,16/01/18,5.84,5.99,5.81,5.93,5.897525,1868200
WIPRO,17/01/18,5.94,5.94,5.77,5.88,5.847799,1417400
WIPRO,18/01/18,5.86,5.88,5.76,5.77,5.738401,781300
WIPRO,19/01/18,5.82,5.88,5.56,5.61,5.579278,1231100
WIPRO,22/01/18,5.46,5.54,5.33,5.46,5.430099,4587700
WIPRO,23/01/18,5.44,5.44,5.37,5.42,5.390318,920100
WIPRO,24/01/18,5.41,5.51,5.35,5.51,5.479825,1942600
WIPRO,25/01/18,5.52,5.58,5.49,5.56,5.529551,1270800
WIPRO,26/01/18,5.59,5.65,5.55,5.64,5.609113,1602400
WIPRO,29/01/18,5.59,5.59,5.51,5.56,5.529551,1965300
WIPRO,30/01/18,5.51,5.51,5.43,5.48,5.449989,2609200
WIPRO,31/01/18,5.47,5.54,5.42,5.49,5.475923,1587400
WIPRO,01/02/18,5.45,5.51,5.41,5.51,5.495872,1710300
WIPRO,02/02/18,5.46,5.5,5.39,5.46,5.446,1654000
WIPRO,05/02/18,5.4,5.48,5.28,5.3,5.28641,2158300
WIPRO,06/02/18,5.23,5.38,5.18,5.33,5.316333,1522900
WIPRO,07/02/18,5.27,5.31,5.17,5.21,5.196641,2133600
WIPRO,08/02/18,5.25,5.25,5.09,5.1,5.086923,1640900
WIPRO,09/02/18,5.13,5.25,5.12,5.22,5.206615,2630400
WIPRO,12/02/18,5.25,5.4,5.25,5.32,5.306359,3617900
WIPRO,13/02/18,5.38,5.38,5.32,5.36,5.346256,1982200
WIPRO,14/02/18,5.35,5.49,5.32,5.48,5.465949,1416900
WIPRO,15/02/18,5.48,5.55,5.48,5.55,5.535769,683700
WIPRO,16/02/18,5.55,5.58,5.47,5.58,5.565692,1272700
WIPRO,20/02/18,5.53,5.6,5.51,5.54,5.525795,769100
WIPRO,21/02/18,5.57,5.57,5.43,5.43,5.416077,945600
WIPRO,22/02/18,5.48,5.51,5.45,5.46,5.446,1138600
WIPRO,23/02/18,5.53,5.54,5.46,5.53,5.515821,573600
WIPRO,26/02/18,5.52,5.54,5.44,5.45,5.436025,715900
WIPRO,27/02/18,5.45,5.52,5.45,5.45,5.436025,1004500
WIPRO,28/02/18,5.49,5.55,5.44,5.51,5.495872,1265400
WIPRO,01/03/18,5.51,5.53,5.32,5.41,5.396128,1225300
WIPRO,02/03/18,5.36,5.44,5.35,5.43,5.416077,523600
WIPRO,05/03/18,5.41,5.51,5.4,5.49,5.475923,484800
WIPRO,06/03/18,5.5,5.54,5.46,5.49,5.475923,821900
WIPRO,07/03/18,5.51,5.52,5.45,5.48,5.465949,641000
WIPRO,08/03/18,5.48,5.5,5.42,5.45,5.436025,607900
WIPRO,09/03/18,5.46,5.48,5.42,5.46,5.446,527000
WIPRO,12/03/18,5.49,5.79,5.49,5.77,5.755205,1810600
WIPRO,13/03/18,5.83,5.9,5.76,5.78,5.76518,1704500
WIPRO,14/03/18,5.78,5.8,5.55,5.63,5.615564,1877600
WIPRO,15/03/18,5.65,5.72,5.62,5.65,5.635513,1775900
WIPRO,16/03/18,5.63,5.73,5.56,5.57,5.555718,1770300
WIPRO,19/03/18,5.53,5.53,5.23,5.29,5.276436,3004000
WIPRO,20/03/18,5.33,5.37,5.06,5.21,5.196641,5403200
WIPRO,21/03/18,5.22,5.31,5.17,5.2,5.186666,1880400
WIPRO,22/03/18,5.19,5.19,5.07,5.07,5.057,3679200
WIPRO,23/03/18,5.08,5.26,5.08,5.16,5.146769,1864300
WIPRO,26/03/18,5.12,5.23,5.1,5.22,5.206615,1645000
WIPRO,27/03/18,5.17,5.24,5.09,5.12,5.106872,1396300
WIPRO,28/03/18,5.19,5.2,5.1,5.12,5.106872,1182600
WIPRO,29/03/18,5.14,5.25,5.11,5.16,5.146769,1315300
WIPRO,02/04/18,5.21,5.37,5.17,5.21,5.196641,1373500
WIPRO,03/04/18,5.22,5.26,5.15,5.22,5.206615,958500
WIPRO,04/04/18,5.15,5.24,5.13,5.24,5.226564,476000
WIPRO,05/04/18,5.2,5.29,5.19,5.23,5.216589,627000
WIPRO,06/04/18,5.2,5.24,5.16,5.18,5.166718,809900
WIPRO,09/04/18,5.23,5.32,5.23,5.26,5.246513,1563600
WIPRO,10/04/18,5.25,5.36,5.24,5.28,5.266461,857600
WIPRO,11/04/18,5.24,5.36,5.24,5.32,5.306359,783900
WIPRO,12/04/18,5.33,5.42,5.31,5.35,5.336282,1161300
WIPRO,13/04/18,5.4,5.45,5.16,5.18,5.166718,1737600
WIPRO,16/04/18,5.21,5.37,5.21,5.29,5.276436,1499200
WIPRO,17/04/18,5.28,5.33,5.24,5.33,5.316333,790300
WIPRO,18/04/18,5.36,5.36,5.21,5.23,5.216589,2105600
WIPRO,19/04/18,5.23,5.27,5.2,5.26,5.246513,915800
WIPRO,20/04/18,5.28,5.31,5.24,5.27,5.256487,581900
WIPRO,23/04/18,5.27,5.29,5.13,5.2,5.186666,1240200
WIPRO,24/04/18,5.11,5.21,5.11,5.15,5.136795,800600
WIPRO,25/04/18,5.01,5.07,4.86,4.88,4.867487,2096200
WIPRO,26/04/18,4.87,4.94,4.74,4.74,4.727846,2327500
WIPRO,27/04/18,4.8,4.82,4.73,4.75,4.73782,927900
WIPRO,30/04/18,4.79,4.83,4.77,4.78,4.767744,573100
WIPRO,01/05/18,4.77,4.78,4.71,4.76,4.747795,561200
WIPRO,02/05/18,4.76,4.79,4.7,4.72,4.707897,1003200
WIPRO,03/05/18,4.72,4.72,4.6,4.68,4.668,1087800
WIPRO,04/05/18,4.64,4.67,4.54,4.64,4.628102,1213400
WIPRO,07/05/18,4.64,4.76,4.64,4.74,4.727846,786300
WIPRO,08/05/18,4.69,4.73,4.63,4.66,4.648051,1527800
WIPRO,09/05/18,4.64,4.67,4.58,4.67,4.658026,870000
WIPRO,10/05/18,4.66,4.7,4.63,4.67,4.658026,992100
WIPRO,11/05/18,4.66,4.69,4.64,4.68,4.668,546200
WIPRO,14/05/18,4.68,4.8,4.67,4.68,4.668,707500
WIPRO,15/05/18,4.64,4.65,4.57,4.62,4.608154,546300
WIPRO,16/05/18,4.66,4.67,4.63,4.67,4.658026,414700
WIPRO,17/05/18,4.66,4.68,4.62,4.63,4.618128,623100
WIPRO,18/05/18,4.59,4.65,4.57,4.59,4.578231,1634900
WIPRO,21/05/18,4.55,4.57,4.51,4.54,4.528359,750100
WIPRO,22/05/18,4.56,4.66,4.52,4.62,4.608154,1306500
WIPRO,23/05/18,4.58,4.63,4.5,4.62,4.608154,695200
WIPRO,24/05/18,4.62,4.63,4.53,4.59,4.578231,518200
WIPRO,25/05/18,4.61,4.63,4.57,4.6,4.588205,529500
WIPRO,29/05/18,4.56,4.6,4.53,4.56,4.548307,718700
WIPRO,30/05/18,4.52,4.59,4.5,4.55,4.538333,595900
WIPRO,31/05/18,4.55,4.61,4.55,4.6,4.588205,1440700
WIPRO,01/06/18,4.62,4.62,4.59,4.6,4.588205,373500
WIPRO,04/06/18,4.64,4.64,4.57,4.61,4.598179,869300
WIPRO,05/06/18,4.56,4.59,4.53,4.55,4.538333,806200
WIPRO,06/06/18,4.62,4.68,4.59,4.65,4.638077,537200
WIPRO,07/06/18,4.61,4.72,4.61,4.7,4.687948,897300
WIPRO,08/06/18,4.68,4.73,4.64,4.72,4.707897,652600
WIPRO,11/06/18,4.73,4.85,4.71,4.79,4.777718,1815600
WIPRO,12/06/18,4.76,4.92,4.76,4.92,4.907384,1016700
WIPRO,13/06/18,4.92,4.92,4.83,4.89,4.877461,1486800
WIPRO,14/06/18,4.86,4.86,4.73,4.76,4.747795,1452900
WIPRO,15/06/18,4.76,4.86,4.75,4.85,4.837564,4593800
WIPRO,18/06/18,4.85,4.88,4.72,4.83,4.817615,1762400
WIPRO,19/06/18,4.75,4.84,4.71,4.8,4.787693,1168000
WIPRO,20/06/18,4.71,4.76,4.71,4.74,4.727846,602700
WIPRO,21/06/18,4.71,4.78,4.64,4.75,4.73782,880400
WIPRO,22/06/18,4.69,4.83,4.69,4.8,4.787693,1113700
WIPRO,25/06/18,4.76,4.82,4.73,4.78,4.767744,1024600
WIPRO,26/06/18,4.72,4.91,4.72,4.9,4.887436,1986600
WIPRO,27/06/18,4.89,4.92,4.81,4.86,4.847538,2688200
WIPRO,28/06/18,4.82,4.86,4.75,4.8,4.787693,1412900
WIPRO,29/06/18,4.84,4.84,4.78,4.79,4.777718,1402500
WIPRO,02/07/18,4.77,4.8,4.71,4.76,4.747795,1486400
WIPRO,03/07/18,4.78,4.8,4.75,4.75,4.73782,826900
WIPRO,05/07/18,4.81,4.92,4.75,4.87,4.857512,702400
WIPRO,06/07/18,4.85,4.91,4.85,4.91,4.89741,729700
WIPRO,09/07/18,4.92,4.99,4.84,4.85,4.837564,1057100
WIPRO,10/07/18,4.91,5.06,4.91,5.05,5.037051,1314800
WIPRO,11/07/18,5.01,5.15,4.99,5.03,5.017103,1085400
WIPRO,12/07/18,5.1,5.13,5.05,5.06,5.047025,1078600
WIPRO,13/07/18,5.05,5.08,5.04,5.06,5.047025,559800
WIPRO,16/07/18,5.18,5.18,5.03,5.06,5.047025,878900
WIPRO,17/07/18,5.07,5.16,5.07,5.14,5.12682,1033200
WIPRO,18/07/18,5.11,5.16,5.1,5.13,5.116846,842500
WIPRO,19/07/18,5.09,5.18,5.05,5.15,5.136795,1355900
WIPRO,20/07/18,5.2,5.28,5.2,5.23,5.216589,776200
WIPRO,23/07/18,5.07,5.08,4.92,5.05,5.037051,1345100
WIPRO,24/07/18,5.07,5.11,4.91,5.08,5.066974,2538300
WIPRO,25/07/18,5.09,5.16,5.09,5.16,5.146769,655600
WIPRO,26/07/18,5.12,5.18,5.11,5.14,5.12682,1374200
WIPRO,27/07/18,5.15,5.15,5.05,5.09,5.076949,677400
WIPRO,30/07/18,5.09,5.09,5.03,5.06,5.047025,642300
WIPRO,31/07/18,5.1,5.1,4.98,5.06,5.047025,1441800
WIPRO,01/08/18,5.09,5.11,5.04,5.06,5.047025,678300
WIPRO,02/08/18,5.07,5.08,5.03,5.07,5.057,886100
WIPRO,03/08/18,5.08,5.13,5.08,5.09,5.076949,904600
WIPRO,06/08/18,5.07,5.14,5.07,5.1,5.086923,625200
WIPRO,07/08/18,5.14,5.15,5.09,5.1,5.086923,598200
WIPRO,08/08/18,5.11,5.23,5.08,5.08,5.066974,898700
WIPRO,09/08/18,5.1,5.13,5.09,5.1,5.086923,504600
WIPRO,10/08/18,5.06,5.08,5.02,5.07,5.057,1002700
WIPRO,13/08/18,5.08,5.14,5.08,5.12,5.106872,1029800
WIPRO,14/08/18,5.12,5.13,5.09,5.13,5.116846,871800
WIPRO,15/08/18,5.05,5.11,5.05,5.07,5.057,891700
WIPRO,16/08/18,5.04,5.08,4.95,4.99,4.977205,1320700
WIPRO,17/08/18,4.95,5.03,4.95,5.01,4.997154,1053000
WIPRO,20/08/18,5.07,5.14,5.05,5.07,5.057,588800
WIPRO,21/08/18,5.13,5.13,5.09,5.09,5.076949,996800
WIPRO,22/08/18,5.1,5.13,5.06,5.1,5.086923,1040200
WIPRO,23/08/18,5.08,5.12,5.01,5.05,5.037051,773900
WIPRO,24/08/18,5.09,5.22,5.05,5.19,5.176692,1329800
WIPRO,27/08/18,5.21,5.22,5.15,5.16,5.146769,552100
WIPRO,28/08/18,5.17,5.18,5.12,5.17,5.156744,365800
WIPRO,29/08/18,5.15,5.17,5.14,5.16,5.146769,200000
WIPRO,30/08/18,5.21,5.21,5.11,5.12,5.106872,474000
WIPRO,31/08/18,5.16,5.24,5.15,5.15,5.136795,1809200
WIPRO,04/09/18,5.32,5.32,5.17,5.24,5.226564,657100
WIPRO,05/09/18,5.32,5.36,5.28,5.31,5.296384,761300
WIPRO,06/09/18,5.32,5.36,5.3,5.34,5.326308,894800
WIPRO,07/09/18,5.36,5.4,5.29,5.3,5.28641,905600
WIPRO,10/09/18,5.36,5.44,5.32,5.34,5.326308,1237500
WIPRO,11/09/18,5.34,5.37,5.29,5.34,5.326308,839000
WIPRO,12/09/18,5.4,5.4,5.35,5.36,5.346256,1696700
WIPRO,13/09/18,5.39,5.45,5.38,5.41,5.396128,1844100
WIPRO,14/09/18,5.42,5.43,5.33,5.33,5.316333,677300
WIPRO,17/09/18,5.32,5.32,5.24,5.26,5.246513,679000
WIPRO,18/09/18,5.24,5.35,5.24,5.32,5.306359,851700
WIPRO,19/09/18,5.33,5.35,5.28,5.32,5.306359,996100
WIPRO,20/09/18,5.35,5.36,5.31,5.33,5.316333,1197000
WIPRO,21/09/18,5.35,5.36,5.31,5.33,5.316333,3522000
WIPRO,24/09/18,5.25,5.34,5.25,5.32,5.306359,831500
WIPRO,25/09/18,5.26,5.38,5.25,5.37,5.35623,865400
WIPRO,26/09/18,5.2,5.34,5.2,5.28,5.266461,1620200
WIPRO,27/09/18,5.22,5.28,5.19,5.21,5.196641,1106700
WIPRO,28/09/18,5.25,5.26,5.18,5.21,5.196641,554100
WIPRO,01/10/18,5.28,5.28,5.21,5.24,5.226564,938200
WIPRO,02/10/18,5.25,5.25,5.18,5.2,5.186666,544300
WIPRO,03/10/18,5.22,5.25,5.17,5.23,5.216589,1668000
WIPRO,04/10/18,5.19,5.19,5.11,5.13,5.116846,365500
WIPRO,05/10/18,5.16,5.18,5.1,5.13,5.116846,639300
WIPRO,08/10/18,5.06,5.1,5.01,5.04,5.027077,672600
WIPRO,09/10/18,5.04,5.06,5,5.01,4.997154,667800
WIPRO,10/10/18,4.97,4.98,4.88,4.9,4.887436,1121800
WIPRO,11/10/18,4.91,5.06,4.89,4.95,4.937307,1893300
WIPRO,12/10/18,5.03,5.1,5.02,5.05,5.037051,962400
WIPRO,15/10/18,5.06,5.08,5.01,5.02,5.007128,1764000
WIPRO,16/10/18,5.05,5.15,5.05,5.08,5.066974,1641000
WIPRO,17/10/18,5.09,5.13,5.02,5.04,5.027077,1071700
WIPRO,18/10/18,5.05,5.09,5.02,5.05,5.037051,1073200
WIPRO,19/10/18,5.07,5.11,5.06,5.1,5.086923,666700
WIPRO,22/10/18,5.09,5.13,5.06,5.13,5.116846,559900
WIPRO,23/10/18,4.94,4.97,4.91,4.95,4.937307,948700
WIPRO,24/10/18,4.9,4.98,4.84,4.88,4.867487,972800
WIPRO,25/10/18,5.05,5.13,5.02,5.12,5.106872,870800
WIPRO,26/10/18,5.06,5.2,5.04,5.11,5.096898,718100
WIPRO,29/10/18,5.2,5.26,5.15,5.2,5.186666,806700
WIPRO,30/10/18,5.19,5.2,5.12,5.16,5.146769,479300
WIPRO,31/10/18,5.18,5.23,5.17,5.17,5.156744,923200
WIPRO,01/11/18,5.22,5.27,5.14,5.25,5.236538,680300
WIPRO,02/11/18,5.12,5.16,5.05,5.06,5.047025,652700
WIPRO,05/11/18,5.1,5.14,5.1,5.1,5.086923,824800
WIPRO,06/11/18,5.13,5.17,5.13,5.16,5.146769,519700
WIPRO,07/11/18,5.2,5.2,5.06,5.14,5.12682,905500
WIPRO,08/11/18,5.12,5.14,5.04,5.05,5.037051,875300
WIPRO,09/11/18,5.07,5.11,5.01,5.06,5.047025,780300
WIPRO,12/11/18,5.05,5.06,5.01,5.04,5.027077,626600
WIPRO,13/11/18,5.07,5.15,5.03,5.14,5.12682,1825500
WIPRO,14/11/18,5.1,5.21,5.1,5.17,5.156744,1274600
WIPRO,15/11/18,5.14,5.29,5.13,5.28,5.266461,791100
WIPRO,16/11/18,5.25,5.34,5.21,5.26,5.246513,775500
WIPRO,19/11/18,5.32,5.34,5.21,5.28,5.266461,1315700
WIPRO,20/11/18,5.14,5.19,5.05,5.07,5.057,1143500
WIPRO,21/11/18,5.05,5.12,5.05,5.12,5.106872,593200
WIPRO,23/11/18,5.05,5.1,5.04,5.08,5.066974,593300
WIPRO,26/11/18,5.17,5.17,5.09,5.1,5.086923,822900
WIPRO,27/11/18,5.05,5.08,5.02,5.04,5.027077,383800
WIPRO,28/11/18,5.02,5.14,5.02,5.12,5.106872,518700
WIPRO,29/11/18,5.14,5.17,5.08,5.09,5.076949,726900
WIPRO,30/11/18,5.24,5.26,5.21,5.22,5.206615,1891700
WIPRO,03/12/18,5.28,5.34,5.19,5.24,5.226564,933400
WIPRO,04/12/18,5.32,5.36,5.25,5.25,5.236538,864400
WIPRO,06/12/18,5.24,5.25,5.12,5.21,5.196641,1229600
WIPRO,07/12/18,5.19,5.26,5.15,5.15,5.136795,548500
WIPRO,10/12/18,5.05,5.08,4.97,5.07,5.057,834100
WIPRO,11/12/18,5.14,5.14,5.02,5.05,5.037051,911500
WIPRO,12/12/18,5.13,5.15,5.09,5.11,5.096898,631000
WIPRO,13/12/18,5.24,5.32,5.23,5.32,5.306359,887200
WIPRO,14/12/18,5.17,5.21,5.15,5.19,5.176692,684900
WIPRO,17/12/18,5.26,5.26,5.13,5.18,5.166718,1544600
WIPRO,18/12/18,5.29,5.29,5.16,5.17,5.156744,1209600
WIPRO,19/12/18,5.3,5.34,5.23,5.23,5.216589,1368600
WIPRO,20/12/18,5.25,5.26,5.08,5.14,5.12682,2404700
WIPRO,21/12/18,5.07,5.08,4.93,4.93,4.917359,5079900
WIPRO,24/12/18,4.99,5.06,4.95,4.95,4.937307,883900
WIPRO,26/12/18,5,5.08,4.96,5.08,5.066974,1666300
WIPRO,27/12/18,5.01,5.12,5.01,5.1,5.086923,868900
WIPRO,28/12/18,5.14,5.19,5.11,5.14,5.12682,855200
WIPRO,31/12/18,5.15,5.16,5.1,5.13,5.116846,316600
WIPRO,02/01/19,5.07,5.16,5.07,5.11,5.096898,466800
WIPRO,03/01/19,5.07,5.09,5.02,5.05,5.037051,676500
WIPRO,04/01/19,5.05,5.08,5.02,5.06,5.047025,1356100
WIPRO,07/01/19,5.07,5.11,5.04,5.06,5.047025,659700
WIPRO,08/01/19,5.07,5.11,5.04,5.11,5.096898,617100
WIPRO,09/01/19,5.11,5.17,5.07,5.13,5.116846,710900
WIPRO,10/01/19,5.06,5.1,5.02,5.09,5.076949,350100
WIPRO,11/01/19,5.08,5.17,5.06,5.12,5.106872,486300
WIPRO,14/01/19,4.89,4.92,4.83,4.9,4.887436,900000
WIPRO,15/01/19,5.1,5.14,5.06,5.12,5.106872,626500
WIPRO,16/01/19,5.18,5.21,5.16,5.16,5.146769,513200
WIPRO,17/01/19,5.15,5.26,5.14,5.24,5.226564,492200
WIPRO,18/01/19,5.33,5.39,5.28,5.34,5.326308,979400
WIPRO,22/01/19,5.34,5.37,5.3,5.35,5.336282,669100
WIPRO,23/01/19,5.37,5.44,5.37,5.43,5.416077,759400
WIPRO,24/01/19,5.46,5.47,5.42,5.43,5.416077,649400
WIPRO,25/01/19,5.48,5.5,5.43,5.46,5.446,775600
WIPRO,28/01/19,5.43,5.5,5.38,5.5,5.5,750700
WIPRO,29/01/19,5.57,5.57,5.45,5.5,5.5,822300
WIPRO,30/01/19,5.42,5.54,5.4,5.52,5.52,895300
WIPRO,31/01/19,5.62,5.72,5.59,5.69,5.69,1451900
WIPRO,01/02/19,5.67,5.73,5.62,5.63,5.63,1881100
WIPRO,04/02/19,5.63,5.66,5.58,5.65,5.65,791700
WIPRO,05/02/19,5.63,5.67,5.61,5.63,5.63,706200
WIPRO,06/02/19,5.65,5.67,5.62,5.65,5.65,1407900
WIPRO,07/02/19,5.65,5.68,5.63,5.66,5.66,756800
WIPRO,08/02/19,5.65,5.66,5.62,5.66,5.66,924200
WIPRO,11/02/19,5.69,5.69,5.62,5.64,5.64,571700
WIPRO,12/02/19,5.7,5.75,5.69,5.75,5.75,731200
WIPRO,13/02/19,5.75,5.77,5.73,5.74,5.74,603400
WIPRO,14/02/19,5.73,5.77,5.71,5.76,5.76,593100
WIPRO,15/02/19,5.73,5.73,5.65,5.67,5.67,971800
WIPRO,19/02/19,5.53,5.53,5.35,5.53,5.53,1119300
WIPRO,20/02/19,5.65,5.67,5.6,5.61,5.61,1122600
WIPRO,21/02/19,5.63,5.66,5.59,5.65,5.65,989900
WIPRO,22/02/19,5.69,5.73,5.69,5.7,5.7,660500
WIPRO,25/02/19,5.79,5.8,5.74,5.78,5.78,851600
WIPRO,26/02/19,5.75,5.79,5.74,5.77,5.77,1099300
WIPRO,27/02/19,5.65,5.67,5.63,5.66,5.66,533500
WIPRO,28/02/19,5.55,5.61,5.54,5.6,5.6,1337000
WIPRO,01/03/19,5.65,5.66,5.59,5.64,5.64,631200
WIPRO,04/03/19,5.64,5.66,5.58,5.63,5.63,361100
WIPRO,05/03/19,5.54,5.61,5.53,5.59,5.59,598100
WIPRO,06/03/19,5.41,5.64,5.41,5.5,5.5,1675700
WIPRO,07/03/19,5.45,5.45,5.26,5.26,5.26,1115600
WIPRO,08/03/19,5.24,5.28,5.18,5.28,5.28,1094000
WIPRO,11/03/19,5.33,5.41,5.31,5.38,5.38,755400
WIPRO,12/03/19,5.38,5.47,5.36,5.4,5.4,674800
WIPRO,13/03/19,5.39,5.41,5.31,5.32,5.32,821300
WIPRO,14/03/19,5.3,5.32,5.23,5.28,5.28,945700
WIPRO,15/03/19,4.1,4.1,4.03,4.03,4.03,2563100
WIPRO,18/03/19,4.09,4.09,3.97,4.01,4.01,1620600
WIPRO,19/03/19,4,4.07,3.98,4.02,4.02,1288800
WIPRO,20/03/19,4.05,4.11,4.05,4.1,4.1,1136000
WIPRO,21/03/19,4.1,4.11,4.07,4.11,4.11,1055200
WIPRO,22/03/19,4.07,4.08,4,4.01,4.01,977700
WIPRO,25/03/19,3.98,4,3.94,3.96,3.96,980400
WIPRO,26/03/19,3.96,3.99,3.95,3.99,3.99,730600
WIPRO,27/03/19,3.98,4,3.93,3.94,3.94,1707000
WIPRO,28/03/19,3.95,3.98,3.93,3.96,3.96,458000
WIPRO,29/03/19,3.96,3.99,3.95,3.98,3.98,623300
WIPRO,01/04/19,4.06,4.06,4.01,4.05,4.05,492700
WIPRO,02/04/19,4.06,4.08,4.04,4.05,4.05,886200
WIPRO,03/04/19,4.08,4.09,4.04,4.05,4.05,351600
WIPRO,04/04/19,4.02,4.04,4,4.02,4.02,709700
WIPRO,05/04/19,4.02,4.09,4.01,4.07,4.07,605100
WIPRO,08/04/19,4.05,4.12,4.05,4.1,4.1,1024200
WIPRO,09/04/19,4.2,4.29,4.2,4.26,4.26,2026200
WIPRO,10/04/19,4.35,4.36,4.26,4.3,4.3,1885400
WIPRO,11/04/19,4.32,4.34,4.28,4.31,4.31,1653500
WIPRO,12/04/19,4.34,4.34,4.3,4.33,4.33,831600
WIPRO,15/04/19,4.41,4.42,4.34,4.39,4.39,1531300
WIPRO,16/04/19,4.3,4.34,4.22,4.24,4.24,1634300
WIPRO,17/04/19,4.23,4.3,4.23,4.25,4.25,830400
WIPRO,18/04/19,4.33,4.41,4.33,4.39,4.39,1803500
WIPRO,22/04/19,4.39,4.43,4.34,4.41,4.41,768400
WIPRO,23/04/19,4.43,4.47,4.42,4.47,4.47,1617400
WIPRO,24/04/19,4.48,4.48,4.42,4.44,4.44,898400
WIPRO,25/04/19,4.48,4.48,4.43,4.46,4.46,649500
WIPRO,26/04/19,4.46,4.51,4.45,4.49,4.49,1338200
WIPRO,29/04/19,4.51,4.53,4.49,4.53,4.53,636600
WIPRO,30/04/19,4.55,4.6,4.52,4.57,4.57,1030800
WIPRO,01/05/19,4.56,4.59,4.55,4.55,4.55,734100
WIPRO,02/05/19,4.51,4.55,4.47,4.49,4.49,1366500
WIPRO,03/05/19,4.48,4.51,4.37,4.41,4.41,2322900
WIPRO,06/05/19,4.39,4.5,4.37,4.49,4.49,783500
WIPRO,07/05/19,4.47,4.49,4.41,4.45,4.45,1149000
WIPRO,08/05/19,4.46,4.56,4.41,4.55,4.55,3600900
WIPRO,09/05/19,4.49,4.51,4.43,4.5,4.5,1725200
WIPRO,10/05/19,4.5,4.52,4.45,4.51,4.51,1541700
WIPRO,13/05/19,4.46,4.46,4.36,4.4,4.4,2915000
WIPRO,14/05/19,4.39,4.4,4.36,4.38,4.38,1924500
WIPRO,15/05/19,4.35,4.44,4.35,4.42,4.42,2296500
WIPRO,16/05/19,4.43,4.52,4.43,4.5,4.5,3687900
WIPRO,17/05/19,4.47,4.51,4.45,4.47,4.47,1673900
WIPRO,20/05/19,4.55,4.63,4.51,4.58,4.58,2515100
WIPRO,21/05/19,4.54,4.54,4.44,4.48,4.48,1670100
WIPRO,22/05/19,4.43,4.51,4.43,4.46,4.46,1393900
WIPRO,23/05/19,4.44,4.44,4.4,4.42,4.42,816600
WIPRO,24/05/19,4.46,4.48,4.42,4.44,4.44,1153000
WIPRO,28/05/19,4.44,4.46,4.34,4.34,4.34,7518800
WIPRO,29/05/19,4.4,4.42,4.34,4.4,4.4,2670100
WIPRO,30/05/19,4.42,4.47,4.42,4.45,4.45,1349800
WIPRO,31/05/19,4.4,4.47,4.4,4.42,4.42,877500
WIPRO,03/06/19,4.49,4.54,4.44,4.44,4.44,1310100
WIPRO,04/06/19,4.5,4.55,4.43,4.48,4.48,981600
WIPRO,05/06/19,4.52,4.52,4.43,4.45,4.45,1207200
WIPRO,06/06/19,4.44,4.46,4.42,4.45,4.45,981900
WIPRO,07/06/19,4.51,4.55,4.51,4.51,4.51,760600
WIPRO,10/06/19,4.55,4.56,4.46,4.49,4.49,1141100
WIPRO,11/06/19,4.52,4.55,4.51,4.52,4.52,882900
WIPRO,12/06/19,4.51,4.55,4.51,4.53,4.53,294300
WIPRO,13/06/19,4.54,4.61,4.53,4.6,4.6,1165700
WIPRO,14/06/19,4.57,4.6,4.55,4.56,4.56,1190500
WIPRO,17/06/19,4.55,4.57,4.48,4.5,4.5,3518600
WIPRO,18/06/19,4.53,4.53,4.49,4.51,4.51,2532800
WIPRO,19/06/19,4.45,4.45,4.33,4.38,4.38,3154600
WIPRO,20/06/19,4.37,4.39,4.35,4.37,4.37,2347000
WIPRO,21/06/19,4.33,4.37,4.32,4.32,4.32,14511500
WIPRO,24/06/19,4.31,4.36,4.31,4.33,4.33,1483600
WIPRO,25/06/19,4.34,4.38,4.32,4.33,4.33,947500
WIPRO,26/06/19,4.36,4.38,4.34,4.35,4.35,969200
WIPRO,27/06/19,4.31,4.35,4.31,4.33,4.33,1253500
WIPRO,28/06/19,4.3,4.35,4.29,4.33,4.33,1821300
WIPRO,01/07/19,4.35,4.37,4.31,4.32,4.32,914300
WIPRO,02/07/19,4.36,4.42,4.35,4.4,4.4,1466400
WIPRO,03/07/19,4.35,4.38,4.34,4.38,4.38,610600
WIPRO,05/07/19,4.26,4.29,4.24,4.29,4.29,1375600
WIPRO,08/07/19,4.21,4.23,4.16,4.16,4.16,2149000
WIPRO,09/07/19,4.15,4.17,4.13,4.16,4.16,1803100
WIPRO,10/07/19,4.21,4.23,4.14,4.18,4.18,2477000
WIPRO,11/07/19,4.18,4.22,4.16,4.22,4.22,2714100
WIPRO,12/07/19,4.14,4.2,4.13,4.2,4.2,2098900
WIPRO,15/07/19,4.17,4.19,4.11,4.18,4.18,2843000
WIPRO,16/07/19,4.14,4.19,4.14,4.17,4.17,2083800
WIPRO,17/07/19,4.19,4.24,4.13,4.14,4.14,2282100
WIPRO,18/07/19,4.29,4.29,4.21,4.26,4.26,2109800
WIPRO,19/07/19,4.22,4.24,4.16,4.17,4.17,1813100
WIPRO,22/07/19,4.18,4.21,4.17,4.18,4.18,971700
WIPRO,23/07/19,4.18,4.22,4.18,4.19,4.19,691100
WIPRO,24/07/19,4.2,4.21,4.18,4.18,4.18,678300
WIPRO,25/07/19,4.16,4.17,4.14,4.14,4.14,939700
WIPRO,26/07/19,4.17,4.18,4.15,4.16,4.16,1132000
WIPRO,29/07/19,4.15,4.17,4.14,4.17,4.17,529500
WIPRO,30/07/19,4.15,4.15,4.09,4.09,4.09,657500
WIPRO,31/07/19,4.15,4.19,4.03,4.09,4.09,1708100
WIPRO,01/08/19,4.17,4.24,4.14,4.15,4.15,2253300
WIPRO,02/08/19,4.07,4.07,4.01,4.03,4.03,1368800
WIPRO,05/08/19,3.98,3.99,3.89,3.92,3.92,1046900
WIPRO,06/08/19,3.92,3.97,3.92,3.95,3.95,1037900
WIPRO,07/08/19,3.97,3.97,3.95,3.97,3.97,1285800
WIPRO,08/08/19,4.03,4.03,3.97,4.02,4.02,1019800
WIPRO,09/08/19,4,4,3.96,3.97,3.97,916700
WIPRO,12/08/19,3.93,4,3.93,3.97,3.97,780900
WIPRO,13/08/19,3.91,3.93,3.87,3.91,3.91,1540100
WIPRO,14/08/19,3.8,3.81,3.76,3.77,3.77,1113600
WIPRO,15/08/19,3.8,3.81,3.77,3.78,3.78,724100
WIPRO,16/08/19,3.76,3.83,3.76,3.8,3.8,973300
WIPRO,19/08/19,3.84,3.84,3.76,3.76,3.76,1700300
WIPRO,20/08/19,3.78,3.82,3.76,3.76,3.76,992700
WIPRO,21/08/19,3.79,3.8,3.76,3.78,3.78,604500
WIPRO,22/08/19,3.77,3.78,3.72,3.73,3.73,1351800
WIPRO,23/08/19,3.76,3.79,3.71,3.71,3.71,1721200
WIPRO,26/08/19,3.71,3.71,3.66,3.67,3.67,876800
WIPRO,27/08/19,3.72,3.73,3.71,3.71,3.71,869500
WIPRO,28/08/19,3.68,3.72,3.67,3.67,3.67,718000
WIPRO,29/08/19,3.7,3.75,3.69,3.73,3.73,837100
WIPRO,30/08/19,3.8,3.82,3.75,3.82,3.82,830200
WIPRO,03/09/19,3.77,3.78,3.7,3.71,3.71,1410500
WIPRO,04/09/19,3.78,3.78,3.74,3.76,3.76,631700
WIPRO,05/09/19,3.75,3.83,3.74,3.83,3.83,1771800
WIPRO,06/09/19,3.8,3.81,3.74,3.74,3.74,2000900
WIPRO,09/09/19,3.78,3.81,3.78,3.79,3.79,748000
WIPRO,10/09/19,3.79,3.81,3.77,3.78,3.78,674000
WIPRO,11/09/19,3.72,3.72,3.66,3.68,3.68,1504300
WIPRO,12/09/19,3.72,3.73,3.67,3.69,3.69,1143100
WIPRO,13/09/19,3.73,3.74,3.68,3.74,3.74,872900
WIPRO,16/09/19,3.71,3.71,3.67,3.67,3.67,537300
WIPRO,17/09/19,3.65,3.69,3.64,3.68,3.68,1248400
WIPRO,18/09/19,3.71,3.73,3.68,3.7,3.7,958900
WIPRO,19/09/19,3.66,3.68,3.62,3.64,3.64,1533700
WIPRO,20/09/19,3.72,3.75,3.68,3.72,3.72,1499400
WIPRO,23/09/19,3.65,3.65,3.6,3.64,3.64,1019000
WIPRO,24/09/19,3.67,3.67,3.56,3.6,3.6,1905900
WIPRO,25/09/19,3.61,3.61,3.57,3.59,3.59,615800
WIPRO,26/09/19,3.6,3.62,3.57,3.62,3.62,861600
WIPRO,27/09/19,3.64,3.64,3.59,3.61,3.61,1531000
WIPRO,30/09/19,3.66,3.66,3.62,3.65,3.65,603600
WIPRO,01/10/19,3.56,3.57,3.52,3.56,3.56,1056500
WIPRO,02/10/19,3.52,3.58,3.51,3.58,3.58,1223200
WIPRO,03/10/19,3.61,3.63,3.58,3.59,3.59,2740700
WIPRO,04/10/19,3.63,3.67,3.61,3.65,3.65,1344300
WIPRO,07/10/19,3.63,3.66,3.61,3.65,3.65,1370900
WIPRO,08/10/19,3.6,3.66,3.6,3.65,3.65,2063200
WIPRO,09/10/19,3.65,3.66,3.63,3.64,3.64,811700
WIPRO,10/10/19,3.65,3.68,3.62,3.63,3.63,909500
WIPRO,11/10/19,3.7,3.7,3.66,3.66,3.66,715600
WIPRO,14/10/19,3.69,3.72,3.67,3.69,3.69,1138700
WIPRO,15/10/19,3.8,3.85,3.67,3.69,3.69,2811800
WIPRO,16/10/19,3.77,3.81,3.75,3.78,3.78,1600300
WIPRO,17/10/19,3.79,3.81,3.78,3.8,3.8,1308700
WIPRO,18/10/19,3.77,3.82,3.77,3.8,3.8,777100
WIPRO,21/10/19,3.77,3.83,3.77,3.81,3.81,944400
WIPRO,22/10/19,3.81,3.86,3.81,3.83,3.83,1122700
WIPRO,23/10/19,3.85,3.87,3.84,3.84,3.84,1413400
WIPRO,24/10/19,3.8,3.84,3.8,3.83,3.83,3080300
WIPRO,25/10/19,3.86,3.96,3.84,3.94,3.94,2666300
WIPRO,28/10/19,3.94,3.94,3.91,3.92,3.92,1336000
WIPRO,29/10/19,3.9,3.94,3.89,3.89,3.89,2054000
WIPRO,30/10/19,3.86,3.89,3.85,3.85,3.85,1226700